0.000000 0.000000 0.000000 0.000000
0.016437 20703.747050 0.055183 -5518.314104
0.036185 41223.708885 0.120616 -12061.584248
0.053345 61377.777488 0.176329 -17632.859593
0.072374 80987.040862 0.237442 -23744.231056
0.089390 99877.464359 0.290838 -29083.808564
0.107233 117881.360283 0.346171 -34617.088276
0.123336 134838.936819 0.394792 -39479.187778
0.139496 150599.667612 0.442840 -44283.959927
0.154007 165023.667109 0.484596 -48459.610760
0.167998 177982.900573 0.523952 -52395.244423
0.180332 189362.345994 0.557127 -55712.698303
0.191717 199060.994525 0.586590 -58658.959036
0.201392 206992.763560 0.609852 -60985.240272
0.209802 213087.247505 0.628502 -62850.201143
0.216446 217290.353421 0.640929 -64092.876355
0.221608 219564.772522 0.648185 -64818.543152
0.224966 219890.318288 0.649271 -64927.088098
0.226712 218264.100036 0.644930 -64492.990216
0.226653 214700.553092 0.634593 -63459.342225
0.224932 209231.307030 0.618843 -61884.254448
0.221449 201904.907849 0.597423 -59742.295402
0.216329 192786.384719 0.570842 -57084.219227
0.209541 181956.674676 0.539081 -53908.054645
0.201206 169511.902694 0.502626 -50262.582867
0.191350 155562.529697 0.461636 -46163.578974
0.180099 140232.371113 0.416608 -41660.781247
0.167522 123657.498679 0.367834 -36783.400713
0.153755 105985.032013 0.315834 -31583.392190
0.138900 87371.833286 0.260999 -26099.934385
0.123106 67983.114491 0.203873 -20387.317992
0.106500 47990.971339 0.144917 -14491.723025
0.089240 27572.855461 0.084691 -8469.124041
0.071469 6909.999548 0.023700 -2370.042554
0.053354 -13814.191460 -0.037490 3749.021340
0.035049 -34415.768141 -0.098357 9835.658503
0.016720 -54711.869459 -0.158343 15834.309968
-0.001472 -74522.345760 -0.216930 21692.966374
-0.019363 -93671.357861 -0.273586 27358.631141
-0.036797 -111988.937760 -0.327818 32781.816567
-0.053618 -129312.497326 -0.379137 37913.740845
-0.069678 -145488.271404 -0.427094 42709.372308
-0.084832 -160372.682681 -0.471257 47125.726065
-0.098947 -173833.616060 -0.511239 51123.939321
-0.111898 -185751.591344 -0.546683 54668.252176
-0.123569 -196020.823733 -0.577274 57727.423700
-0.133857 -204550.162795 -0.602741 60274.124376
-0.142672 -211263.901508 -0.622859 62285.891332
-0.149933 -216102.448251 -0.637448 63744.753758
-0.155577 -219022.855738 -0.646379 64637.854681
-0.159555 -219999.202226 -0.649572 64957.192784
-0.161830 -219022.821594 -0.647000 64699.993270
-0.162382 -216102.380266 -0.638685 63868.491002
-0.161207 -211263.800285 -0.624701 62470.105159
-0.158315 -204550.029234 -0.605172 60517.216740
-0.153731 -196020.659018 -0.580272 58027.184827
-0.147497 -185751.396937 -0.550221 55022.090901
-0.139667 -173833.393688 -0.515286 51528.624674
-0.130311 -160372.434316 -0.475778 47577.781284
-0.119513 -145487.999252 -0.432046 43204.639262
-0.107367 -129312.203800 -0.384480 38448.006419
-0.093982 -111988.625470 -0.333501 33350.109818
-0.079477 -93671.029574 -0.279562 27956.193234
-0.063981 -74522.004394 -0.223141 22314.137897
-0.047630 -54711.518040 -0.164740 16474.019512
-0.030570 -34415.409794 -0.104877 10487.678268
-0.012953 -13813.829357 -0.044082 4408.247034
0.005066 6910.362181 0.017103 -1710.310858
0.023325 27573.215421 0.078137 -7813.688159
0.041664 47991.325412 0.138477 -13847.709644
0.059920 67983.459557 0.197588 -19758.817888
0.077929 87372.166253 0.254945 -25494.544687
0.095533 105985.349962 0.310040 -31003.979956
0.112576 123657.798744 0.362382 -36238.221046
0.128905 140232.650686 0.411508 -41150.808871
0.144376 155562.786225 0.456981 -45698.138623
0.158852 169512.133989 0.498398 -49839.848146
0.172204 181956.878576 0.535392 -53539.175117
0.184314 192786.559549 0.567633 -56763.284220
0.195074 201905.051889 0.594836 -59483.557894
0.204389 209231.419212 0.616759 -61675.850909
0.212176 214700.632159 0.633207 -63320.704226
0.218366 218264.145609 0.644035 -64403.518083
0.222903 219890.329562 0.649147 -64914.681289
0.225749 219564.749895 0.648497 -64849.656769
0.226877 217290.296475 0.642090 -64209.021649
0.226277 213087.157513 0.629985 -62998.462281
0.223955 206992.640369 0.612287 -61228.723652
0.219931 199060.840410 0.589155 -58915.514107
0.214242 189362.160856 0.560794 -56079.365844
0.206937 177982.687876 0.527455 -52745.452727
0.198081 165023.426480 0.489434 -48943.366798
0.187753 150599.403995 0.447069 -44706.855647
0.176046 134838.649067 0.400735 -40073.522845
0.163061 117881.055279 0.350845 -35084.494185
0.148916 99877.139436 0.297841 -29784.052638
0.133735 80986.705577 0.242192 -24219.245303
0.117653 61377.426533 0.184395 -18439.465801
0.100813 41223.355659 0.124960 -12496.015869
0.083364 20703.381919 0.064416 -6441.649989
0.065462 -0.357940 0.003301 -330.107144
0.047265 -20704.096053 -0.057844 5784.366178
0.028934 -41224.064569 -0.118475 11847.497477
0.010633 -61378.126790 -0.178055 17805.469970
-0.007477 -80987.393827 -0.236054 23605.400268
-0.025233 -99877.812433 -0.291958 29195.807779
-0.042480 -117881.709909 -0.345271 34527.071648
-0.059063 -134839.282384 -0.395519 39551.871198
-0.074836 -150600.013238 -0.442256 44225.605951
-0.089659 -165024.009104 -0.485068 48506.791507
-0.103399 -177983.241570 -0.523574 52357.427756
-0.115936 -189362.683569 -0.557433 55743.336179
-0.127157 -199061.330364 -0.586345 58634.463212
-0.136964 -206993.096077 -0.610051 61005.147005
-0.145268 -213087.577792 -0.628343 62834.345202
-0.151997 -217290.680456 -0.641058 64105.821708
-0.157091 -219565.097032 -0.648083 64808.290808
-0.160504 -219890.639636 -0.649355 64935.517336
-0.162206 -218264.418730 -0.644864 64486.372021
-0.162182 -214700.868764 -0.634648 63464.841508
-0.160433 -209231.620063 -0.618800 61879.992975
-0.156973 -201905.218066 -0.597459 59745.893650
-0.151834 -192786.692437 -0.570815 57081.485950
-0.145061 -181956.979859 -0.539104 53910.419348
-0.136714 -169512.205630 -0.502608 50260.840455
-0.126868 -155562.830449 -0.461651 46165.143193
-0.115609 -140232.669963 -0.416597 41659.681263
-0.103038 -123657.795765 -0.367844 36784.445464
-0.089266 -105985.327616 -0.315827 31582.708736
-0.074415 -87372.127599 -0.261006 26100.642064
-0.058618 -67983.407800 -0.203869 20386.904660
-0.042015 -47991.263874 -0.144922 14492.212065
-0.024752 -27573.147510 -0.084689 8468.885988
-0.006983 -6910.291361 -0.023704 2370.389900
0.011133 13813.899594 0.037491 -3749.145515
0.029438 34415.475964 0.098354 -9835.402825
0.047767 54711.576692 0.158344 -15834.359978
0.065958 74522.052148 0.216928 -21692.769805
0.083850 93671.063142 0.273586 -27358.632643
0.101284 111988.641693 0.327817 -32781.657891
0.118105 129312.199672 0.379137 -37913.710392
0.134164 145487.971948 0.427092 -42709.237683
0.149318 160372.381215 0.471257 -47125.674322
0.163434 173833.312401 0.511238 -51123.819706
0.176384 185751.285323 0.546682 -54668.186011
0.188056 196020.515207 0.577273 -57727.313189
0.198344 204549.851638 0.602740 -60274.048211
0.207158 211263.587621 0.622858 -62285.786077
0.214420 216102.131557 0.637447 -63744.670456
0.220064 219022.536188 0.646378 -64637.752189
0.224041 219998.879793 0.649571 -64957.104218
0.226316 219022.496279 0.646999 -64699.891951
0.226869 216102.052093 0.638684 -63868.398424
0.225693 211263.469307 0.624700 -62470.004032
0.222801 204549.695525 0.605171 -60517.121022
0.218217 196020.322680 0.580271 -58027.083324
0.211983 185751.058091 0.550220 -55021.992688
0.204153 173833.052481 0.515285 -51528.522514
0.194798 160372.090915 0.475777 -47577.681089
0.183999 145487.653843 0.432045 -43204.536364
0.171854 129311.856587 0.384479 -38447.904682
0.158469 111988.276673 0.333500 -33350.006243
0.143964 93670.679426 0.279561 -27956.090357
0.128467 74521.653142 0.223140 -22314.033803
0.112116 54711.165939 0.164739 -16473.915878
0.095056 34415.057108 0.104876 -10487.573882
0.077439 13813.476354 0.044081 -4408.143013
0.059421 -6910.715229 -0.017104 1710.415270
0.041161 -27573.568243 -0.078138 7813.792207
0.022822 -47991.677737 -0.138478 13847.813793
0.004567 -67983.811121 -0.197589 19758.921621
-0.013443 -87372.516797 -0.254946 25494.648280
-0.031047 -105985.699237 -0.310041 31004.083052
-0.048089 -123658.146510 -0.362383 36238.323801
-0.064418 -140232.996719 -0.411509 41150.911037
-0.079890 -155563.130316 -0.456982 45698.240284
-0.094366 -169512.475946 -0.498399 49839.949127
-0.107718 -181957.218225 -0.535393 53539.275461
-0.119828 -192786.896737 -0.567634 56763.383806
-0.130588 -201905.386486 -0.594837 59483.656744
-0.139903 -209231.751109 -0.616759 61675.948941
-0.147690 -214700.961273 -0.633208 63320.801456
-0.153879 -218264.471880 -0.644036 64403.614460
-0.158417 -219890.652956 -0.649148 64914.776828
-0.161262 -219565.070403 -0.648498 64849.751447
-0.162390 -217290.614115 -0.642091 64209.115487
-0.161790 -213087.472327 -0.629986 62998.555278
-0.159468 -206992.952425 -0.612288 61228.815838
-0.155445 -199061.149800 -0.589156 58915.605500
-0.149755 -189362.467695 -0.560795 56079.456485
-0.142450 -177982.992303 -0.527455 52745.542651
-0.133595 -165023.728656 -0.489435 48943.456056
-0.123267 -150599.704098 -0.447069 44706.944289
-0.111559 -134838.947296 -0.400736 40073.610931
-0.098575 -117881.351848 -0.350846 35084.581777
-0.084429 -99877.434576 -0.297841 29784.139805
-0.069248 -80986.999529 -0.242193 24219.332114
-0.053166 -61377.719550 -0.184396 18439.552333
-0.036326 -41223.648002 -0.124961 12496.102198
-0.018878 -20703.673857 -0.064417 6441.736194
-0.000975 0.066138 -0.003302 330.193304
0.017222 20703.804116 0.057843 -5784.279982
0.035552 41223.772225 0.118474 -11847.411166
0.053854 61377.833772 0.178054 -17805.383463
0.071963 80987.099875 0.236053 -23605.313490
0.089720 99877.517293 0.291957 -29195.720654
0.106966 117881.413340 0.345270 -34526.984105
0.123550 134838.984155 0.395518 -39551.783168
0.139323 150599.713135 0.442255 -44225.517372
0.154145 165023.706929 0.485067 -48506.702318
0.167886 177982.937143 0.523573 -52357.337905
0.180422 189362.376730 0.557432 -55743.245619
0.191643 199061.020974 0.586344 -58634.371900
0.201450 206992.784021 0.610051 -61005.054908
0.209754 213087.262978 0.628343 -62834.252291
0.216483 217290.362816 0.641057 -64105.727964
0.221577 219564.776524 0.648082 -64808.196218
0.224990 219890.316243 0.649354 -64935.421894
0.226692 218264.092459 0.644863 -64486.275729
0.226668 214700.539651 0.634647 -63464.744376
0.224919 209231.288166 0.618799 -61879.895020
0.221459 201904.883469 0.597458 -59745.794897
0.216320 192786.355250 0.570814 -57081.386430
0.209547 181956.640211 0.539103 -53910.319099
0.201200 169511.863674 0.502607 -50260.739522
0.191354 155562.486359 0.461650 -46165.041627
0.180095 140232.323930 0.416596 -41659.579120
0.167524 123657.448000 0.367843 -36784.342806
0.153752 105984.978343 0.315826 -31582.605629
0.138902 87371.777056 0.261005 -26100.538578
0.123105 67983.056237 0.203868 -20386.800869
0.106501 47990.911550 0.144921 -14492.108045
0.089238 27572.794690 0.084688 -8468.781817
0.071470 6909.938315 0.023703 -2370.285658
0.053353 -13814.252595 -0.037492 3749.249748
0.035049 -34415.828648 -0.098355 9835.506969
0.016720 -54711.928791 -0.158345 15834.463954
-0.001472 -74522.403398 -0.216929 21692.873534
-0.019364 -93671.413288 -0.273587 27358.736050
-0.036798 -111988.990489 -0.327818 32781.760903
-0.053619 -129312.546884 -0.379138 37913.812939
-0.069678 -145488.317355 -0.427093 42709.339701
-0.084832 -160372.724614 -0.471258 47125.775751
-0.098948 -173833.653605 -0.511239 51123.920489
-0.111898 -185751.624166 -0.546683 54668.286099
-0.123570 -196020.851543 -0.577274 57727.412540
-0.133858 -204550.185344 -0.602741 60274.146787
-0.142672 -211263.918597 -0.622859 62285.883848
-0.149933 -216102.459727 -0.637448 63744.767400
-0.155578 -219022.861501 -0.646378 64637.848289
-0.159555 -219999.202224 -0.649572 64957.199467
-0.161830 -219022.815827 -0.647000 64699.986349
-0.162382 -216102.368784 -0.638685 63868.491978
-0.161207 -211263.783192 -0.624701 62470.096756
-0.158315 -204550.006679 -0.605172 60517.212939
-0.153731 -196020.631204 -0.580272 58027.174463
-0.147497 -185751.364109 -0.550221 55022.083085
-0.139667 -173833.356138 -0.515286 51528.612210
-0.130312 -160372.392377 -0.475778 47577.770135
-0.119513 -145487.953297 -0.432046 43204.624814
-0.107367 -129312.154237 -0.384480 38447.992596
-0.093983 -111988.572738 -0.333501 33350.093685
-0.079478 -93670.974141 -0.279562 27956.177397
-0.063981 -74521.946753 -0.223141 22314.120513
-0.047630 -54711.458701 -0.164740 16474.002333
-0.030570 -34415.349285 -0.104877 10487.660160
-0.012953 -13813.768214 -0.044082 4408.229193
0.005065 6910.423414 0.017103 -1710.329107
0.023325 27573.276202 0.078137 -7813.705982
0.041664 47991.385200 0.138477 -13847.727425
0.059919 67983.517822 0.197588 -19758.835033
0.077929 87372.222478 0.254946 -25494.561395
0.095533 105985.403648 0.310040 -31003.995795
0.112575 123657.849414 0.362382 -36238.236104
0.128904 140232.697891 0.411508 -41150.822831
0.144376 155562.829545 0.456982 -45698.151509
0.158852 169512.173041 0.498399 -49839.859723
0.172204 181956.913012 0.535392 -53539.185380
0.184314 192786.589064 0.567633 -56763.292999
0.195074 201905.076221 0.594836 -59483.565175
0.204389 209231.438144 0.616759 -61675.856576
0.212176 214700.645525 0.633207 -63320.708270
0.218365 218264.153289 0.644035 -64403.520435
0.222903 219890.331488 0.649147 -64914.681954
0.225748 219564.746050 0.648497 -64849.655722
0.226876 217290.286894 0.642090 -64209.018914
0.226276 213087.142280 0.629985 -62998.457869
0.223954 206992.619619 0.612287 -61228.717614
0.219931 199060.814328 0.589155 -58915.506488
0.214241 189362.129673 0.560794 -56079.356717
0.206936 177982.651869 0.527454 -52745.442169
0.198081 165023.385970 0.489434 -48943.354906
0.187753 150599.359339 0.447068 -44706.842525
0.176045 134838.600664 0.400735 -40073.508610
0.163061 117881.003556 0.350845 -35084.478962
0.148915 99877.084855 0.297840 -29784.036564
0.133734 80986.648620 0.242192 -24219.228519
0.117652 61377.367706 0.184394 -18439.448458
0.100812 41223.295485 0.124960 -12495.998119
0.083364 20703.320932 0.064416 -6441.631991
0.065461 -0.419199 0.003301 -330.089057
0.047264 -20704.157040 -0.057844 5784.384194
0.028933 -41224.124743 -0.118475 11847.515261
0.010632 -61378.185616 -0.178055 17805.487364
-0.007477 -80987.450784 -0.236054 23605.417119
-0.025234 -99877.867014 -0.291958 29195.823936
-0.042481 -117881.761632 -0.345271 34527.086969
-0.059064 -134839.330787 -0.395519 39551.885546
-0.074837 -150600.057893 -0.442256 44225.619199
-0.089659 -165024.049614 -0.485068 48506.803537
-0.103400 -177983.277576 -0.523574 52357.438462
-0.115936 -189362.714751 -0.557433 55743.345465
-0.127158 -199061.356445 -0.586345 58634.470996
-0.136964 -206993.116826 -0.610052 61005.153218
-0.145269 -213087.593024 -0.628343 62834.349788
-0.151998 -217290.690037 -0.641058 64105.824627
-0.157091 -219565.100876 -0.648083 64808.292035
-0.160504 -219890.637710 -0.649355 64935.516859
-0.162206 -218264.411049 -0.644864 64486.369845
-0.162183 -214700.855398 -0.634648 63464.837652
-0.160433 -209231.601130 -0.618800 61879.987473
-0.156974 -201905.193734 -0.597459 59745.886550
-0.151834 -192786.662922 -0.570815 57081.477316
-0.145061 -181956.945423 -0.539104 53910.409256
-0.136714 -169512.166578 -0.502608 50260.828995
-0.126868 -155562.787129 -0.461651 46165.130468
-0.115609 -140232.622758 -0.416597 41659.667384
-0.103038 -123657.745094 -0.367844 36784.430555
-0.089266 -105985.273930 -0.315827 31582.692929
-0.074416 -87372.071374 -0.261006 26100.625499
-0.058619 -67983.349535 -0.203869 20386.887485
-0.042015 -47991.204086 -0.144922 14492.194432
-0.024752 -27573.086730 -0.084689 8468.868054
-0.006984 -6910.230128 -0.023704 2370.371823
0.011133 13813.960736 0.037492 -3749.163574
0.029437 34415.536473 0.098354 -9835.420705
0.047766 54711.636031 0.158344 -15834.377522
0.065957 74522.109789 0.216928 -21692.786856
0.083850 93671.118575 0.273586 -27358.649049
0.101283 111988.694426 0.327817 -32781.673508
0.118105 129312.249236 0.379137 -37913.725080
0.134164 145488.017903 0.427093 -42709.251312
0.149318 160372.423154 0.471257 -47125.686772
0.163433 173833.349951 0.511238 -51123.830866
0.176384 185751.318150 0.546682 -54668.195781
0.188055 196020.543021 0.577273 -57727.321484
0.198344 204549.874192 0.602741 -60274.054956
0.207158 211263.604714 0.622858 -62285.791212
0.214419 216102.143039 0.637447 -63744.673936
0.220064 219022.541955 0.646378 -64637.753983
0.224041 219998.879795 0.649571 -64957.104310
0.226316 219022.490516 0.646999 -64699.890341
0.226868 216102.040616 0.638684 -63868.395126
0.225693 211263.452218 0.624700 -62469.999074
0.222801 204549.672975 0.605171 -60517.114450
0.218217 196020.294870 0.580271 -58027.075195
0.211983 185751.025268 0.550220 -55021.983075
0.204153 173833.014936 0.515285 -51528.511501
0.194797 160372.048981 0.475777 -47577.668775
0.183999 145487.607893 0.432045 -43204.522857
0.171853 129311.807028 0.384479 -38447.890103
0.158468 111988.223945 0.333500 -33349.990721
0.143963 93670.623998 0.279561 -27956.074030
0.128467 74521.595505 0.223140 -22314.016816
0.112116 54711.106604 0.164739 -16473.898382
0.095056 34414.996603 0.104876 -10487.556032
0.077439 13813.415216 0.044081 -4408.124967
0.059420 -6910.776457 -0.017104 1710.433351
0.041160 -27573.629019 -0.078138 7813.810164
0.022822 -47991.737521 -0.138478 13847.831464
0.004566 -67983.869381 -0.197589 19758.938852
-0.013443 -87372.573017 -0.254947 25494.664916
-0.031047 -105985.752918 -0.310041 31004.098946
-0.048090 -123658.197176 -0.362383 36238.338813
-0.064419 -140233.043920 -0.411509 41150.925032
-0.079890 -155563.173632 -0.456983 45698.253139
-0.094366 -169512.514993 -0.498400 49839.960727
-0.107718 -181957.252657 -0.535393 53539.285704
-0.119828 -192786.926248 -0.567634 56763.392599
-0.130588 -201905.410814 -0.594837 59483.664011
-0.139903 -209231.770038 -0.616760 61675.954618
-0.147690 -214700.974634 -0.633208 63320.805491
-0.153880 -218264.479555 -0.644036 64403.616817
-0.158417 -219890.654878 -0.649148 64914.777487
-0.161263 -219565.066554 -0.648498 64849.750402
-0.162391 -217290.604529 -0.642091 64209.112747
-0.161791 -213087.457090 -0.629986 62998.550868
-0.159469 -206992.931671 -0.612288 61228.809796
-0.155445 -199061.123714 -0.589156 58915.597881
-0.149756 -189362.436508 -0.560794 56079.447356
-0.142451 -177982.956292 -0.527455 52745.532093
-0.133595 -165023.688141 -0.489434 48943.444163
-0.123267 -150599.659438 -0.447069 44706.931166
-0.111560 -134838.898888 -0.400736 40073.596694
-0.098575 -117881.300122 -0.350846 35084.566554
-0.084430 -99877.379990 -0.297841 29784.123730
-0.069249 -80986.942567 -0.242193 24219.315330
-0.053167 -61377.660719 -0.184395 18439.534988
-0.036327 -41223.587824 -0.124961 12496.084447
-0.018878 -20703.612865 -0.064417 6441.718194
-0.000976 0.127402 -0.003302 330.175216
0.017221 20703.865107 0.057843 -5784.297999
0.035552 41223.832403 0.118474 -11847.428951
0.053853 61377.892603 0.178054 -17805.400860
0.071963 80987.156836 0.236053 -23605.330342
0.089719 99877.571879 0.291957 -29195.736813
0.106966 117881.465067 0.345270 -34526.999427
0.123549 134839.032563 0.395518 -39551.797518
0.139322 150599.757794 0.442255 -44225.530621
0.154145 165023.747444 0.485067 -48506.714349
0.167885 177982.973154 0.523573 -52357.348612
0.180422 189362.407916 0.557433 -55743.254906
0.191643 199061.047060 0.586344 -58634.379686
0.201449 206992.804775 0.610051 -61005.061122
0.209754 213087.278215 0.628343 -62834.256879
0.216483 217290.372402 0.641057 -64105.730885
0.221576 219564.780373 0.648082 -64808.197446
0.224990 219890.314321 0.649354 -64935.421418
0.226692 218264.084783 0.644863 -64486.273554
0.226668 214700.526289 0.634647 -63464.740521
0.224919 209231.269238 0.618799 -61879.889519
0.221459 201904.859142 0.597458 -59745.787798
0.216320 192786.325739 0.570814 -57081.377797
0.209547 181956.605779 0.539103 -53910.309008
0.201200 169511.824627 0.502607 -50260.728063
0.191353 155562.443043 0.461650 -46165.028902
0.180095 140232.276730 0.416596 -41659.565242
0.167523 123657.397334 0.367843 -36784.327898
0.153752 105984.924661 0.315826 -31582.589823
0.138901 87371.720836 0.261005 -26100.522015
0.123104 67982.997977 0.203868 -20386.783696
0.106500 47990.851766 0.144921 -14492.090413
0.089238 27572.733914 0.084688 -8468.763884
0.071469 6909.877086 0.023703 -2370.267582
0.053352 -13814.313733 -0.037493 3749.267805
0.035048 -34415.889153 -0.098355 9835.524848
0.016719 -54711.988126 -0.158345 15834.481496
-0.001472 -74522.461036 -0.216929 21692.890583
-0.019364 -93671.468717 -0.273588 27358.752455
-0.036798 -111989.043217 -0.327818 32781.776518
-0.053619 -129312.596443 -0.379138 37913.827626
-0.069678 -145488.363305 -0.427094 42709.353329
-0.084833 -160372.766548 -0.471258 47125.788199
-0.098948 -173833.691151 -0.511239 51123.931647
-0.111899 -185751.656989 -0.546683 54668.295868
-0.123570 -196020.879353 -0.577274 57727.420833
-0.133858 -204550.207894 -0.602742 60274.153531
-0.142672 -211263.935686 -0.622859 62285.888982
-0.149934 -216102.471204 -0.637448 63744.770879
-0.155578 -219022.867264 -0.646379 64637.850082
-0.159556 -219999.202222 -0.649572 64957.199558
-0.161831 -219022.810059 -0.647000 64699.984738
-0.162383 -216102.357303 -0.638685 63868.488678
-0.161208 -211263.766098 -0.624701 62470.091798
-0.158315 -204549.984125 -0.605172 60517.206365
-0.153732 -196020.603390 -0.580272 58027.166332
-0.147497 -185751.331281 -0.550221 55022.073470
-0.139668 -173833.318588 -0.515286 51528.601196
-0.130312 -160372.350439 -0.475778 47577.757819
-0.119513 -145487.907342 -0.432046 43204.611306
-0.107368 -129312.104673 -0.384480 38447.978015
-0.093983 -111988.520006 -0.333501 33350.078162
-0.079478 -93670.918708 -0.279562 27956.161068
-0.063981 -74521.889111 -0.223141 22314.103525
-0.047631 -54711.399362 -0.164740 16473.984835
-0.030571 -34415.288776 -0.104876 10487.642308
-0.012953 -13813.707071 -0.044082 4408.211146
0.005065 6910.484647 0.017103 -1710.347190
0.023325 27573.336982 0.078137 -7813.723940
0.041664 47991.444988 0.138477 -13847.745098
0.059919 67983.576087 0.197589 -19758.852265
0.077928 87372.278703 0.254946 -25494.578032
0.095532 105985.457334 0.310040 -31004.011691
0.112575 123657.900084 0.362383 -36238.251116
0.128904 140232.745095 0.411508 -41150.836828
0.144375 155562.872866 0.456982 -45698.164364
0.158851 169512.212092 0.498399 -49839.871325
0.172203 181956.947448 0.535392 -53539.195623
0.184313 192786.618579 0.567633 -56763.301795
0.195073 201905.100553 0.594836 -59483.572443
0.204388 209231.457077 0.616759 -61675.862254
0.212175 214700.658891 0.633207 -63320.712306
0.218365 218264.160969 0.644035 -64403.522794
0.222903 219890.333415 0.649147 -64914.682615
0.225748 219564.742206 0.648497 -64849.654678
0.226876 217290.277312 0.642090 -64209.016176
0.226276 213087.127047 0.629985 -62998.453461
0.223954 206992.598870 0.612287 -61228.711574
0.219930 199060.788246 0.589155 -58915.498870
0.214241 189362.098491 0.560793 -56079.347590
0.206936 177982.615863 0.527454 -52745.431612
0.198080 165023.345459 0.489433 -48943.343014
0.187752 150599.314684 0.447068 -44706.829403
0.176045 134838.552260 0.400735 -40073.494374
0.163060 117880.951834 0.350845 -35084.463740
0.148915 99877.030273 0.297840 -29784.020490
0.133734 80986.591663 0.242192 -24219.211736
0.117652 61377.308880 0.184394 -18439.431114
0.100812 41223.235311 0.124960 -12495.980369
0.083363 20703.259945 0.064416 -6441.613992
0.065461 -0.480458 0.003301 -330.070970
0.047264 -20704.218027 -0.057844 5784.402209
0.028933 -41224.184916 -0.118475 11847.533046
0.010632 -61378.244443 -0.178055 17805.504759
-0.007478 -80987.507741 -0.236054 23605.433970
-0.025234 -99877.921596 -0.291958 29195.840094
-0.042481 -117881.813354 -0.345271 34527.102289
-0.059064 -134839.379191 -0.395519 39551.899894
-0.074837 -150600.102548 -0.442256 44225.632447
-0.089660 -165024.090125 -0.485068 48506.815567
-0.103400 -177983.313583 -0.523574 52357.449167
-0.115937 -189362.745933 -0.557434 55743.354751
-0.127158 -199061.382527 -0.586345 58634.478780
-0.136965 -206993.137575 -0.610052 61005.159431
-0.145269 -213087.608257 -0.628344 62834.354375
-0.151998 -217290.699618 -0.641058 64105.827547
-0.157092 -219565.104721 -0.648083 64808.293261
-0.160505 -219890.635783 -0.649355 64935.516382
-0.162207 -218264.403369 -0.644864 64486.367668
-0.162183 -214700.842032 -0.634648 63464.833795
-0.160434 -209231.582197 -0.618800 61879.981970
-0.156974 -201905.169401 -0.597459 59745.879450
-0.151835 -192786.633407 -0.570815 57081.468682
-0.145062 -181956.910987 -0.539104 53910.399165
-0.136715 -169512.127526 -0.502608 50260.817536
-0.126868 -155562.743808 -0.461651 46165.117742
-0.115610 -140232.575553 -0.416597 41659.653505
-0.103039 -123657.694424 -0.367844 36784.415646
-0.089267 -105985.220244 -0.315827 31582.677122
-0.074416 -87372.015149 -0.261006 26100.608935
-0.058619 -67983.291270 -0.203869 20386.870310
-0.042016 -47991.144298 -0.144922 14492.176799
-0.024753 -27573.025950 -0.084689 8468.850119
-0.006984 -6910.168895 -0.023704 2370.353746
0.011133 13814.021879 0.037492 -3749.181632
0.029437 34415.596982 0.098354 -9835.438586
0.047766 54711.695370 0.158344 -15834.395065
0.065957 74522.167431 0.216928 -21692.803906
0.083849 93671.174008 0.273587 -27358.665456
0.101283 111988.747158 0.327817 -32781.689124
0.118104 129312.298799 0.379137 -37913.739768
0.134163 145488.063858 0.427093 -42709.264942
0.149318 160372.465092 0.471257 -47125.699222
0.163433 173833.387500 0.511238 -51123.842025
0.176384 185751.350978 0.546682 -54668.205551
0.188055 196020.570835 0.577273 -57727.329778
0.198343 204549.896746 0.602741 -60274.061701
0.207157 211263.621808 0.622858 -62285.796347
0.214419 216102.154520 0.637447 -63744.677417
0.220063 219022.547722 0.646378 -64637.755778
0.224040 219998.879798 0.649571 -64957.104403
0.226315 219022.484753 0.646999 -64699.888731
0.226868 216102.029139 0.638684 -63868.391827
0.225692 211263.435129 0.624700 -62469.994117
0.222800 204549.650426 0.605171 -60517.107877
0.218217 196020.267060 0.580271 -58027.067066
0.211982 185750.992445 0.550220 -55021.973461
0.204152 173832.977391 0.515285 -51528.500488
0.194797 160372.007047 0.475777 -47577.656460
0.183998 145487.561942 0.432045 -43204.509351
0.171853 129311.757469 0.384479 -38447.875524
0.158468 111988.171217 0.333500 -33349.975200
0.143963 93670.568569 0.279561 -27956.057703
0.128466 74521.537868 0.223140 -22313.999829
0.112115 54711.047270 0.164739 -16473.880885
0.095055 34414.936098 0.104875 -10487.538181
0.077438 13813.354078 0.044081 -4408.106921
0.059420 -6910.837686 -0.017105 1710.451433
0.041160 -27573.689795 -0.078138 7813.828120
0.022821 -47991.797304 -0.138478 13847.849136
0.004566 -67983.927642 -0.197590 19758.956082
-0.013444 -87372.629238 -0.254947 25494.681552
-0.031048 -105985.806599 -0.310041 31004.114840
-0.048090 -123658.247841 -0.362384 36238.353824
-0.064419 -140233.091120 -0.411509 41150.939027
-0.079891 -155563.216948 -0.456983 45698.265993
-0.094367 -169512.554040 -0.498400 49839.972326
-0.107719 -181957.287088 -0.535393 53539.295946
-0.119829 -192786.955758 -0.567634 56763.401393
-0.130589 -201905.435141 -0.594837 59483.671279
-0.139904 -209231.788966 -0.616760 61675.960294
-0.147690 -214700.987996 -0.633208 63320.809525
-0.153880 -218264.487231 -0.644036 64403.619175
-0.158418 -219890.656800 -0.649148 64914.778147
-0.161263 -219565.062705 -0.648497 64849.749358
-0.162391 -217290.594944 -0.642091 64209.110008
-0.161791 -213087.441853 -0.629985 62998.546458
-0.159469 -206992.910917 -0.612288 61228.803755
-0.155446 -199061.097627 -0.589156 58915.590262
-0.149756 -189362.405322 -0.560794 56079.438227
-0.142451 -177982.920282 -0.527455 52745.521535
-0.133595 -165023.647626 -0.489434 48943.432269
-0.123268 -150599.614778 -0.447069 44706.918043
-0.111560 -134838.850480 -0.400736 40073.582458
-0.098576 -117881.248395 -0.350846 35084.551330
-0.084430 -99877.325403 -0.297841 29784.107654
-0.069249 -80986.885606 -0.242193 24219.298545
-0.053167 -61377.601888 -0.184395 18439.517643
-0.036327 -41223.527646 -0.124961 12496.066696
-0.018879 -20703.551873 -0.064417 6441.700194
-0.000976 0.188665 -0.003302 330.157127
0.174042 20703.141996 0.588955 -58.895458
0.667498 41220.732852 2.258715 -225.871511
1.478061 61370.830395 5.001484 -500.148403
2.592577 80974.610723 8.772736 -877.273584
3.995306 99858.098531 13.519189 -1351.918872
5.668056 117853.711344 19.179271 -1917.927063
7.590344 134801.746995 25.683659 -2568.365901
9.739578 150551.801171 32.955890 -3295.588951
12.091253 164964.102415 40.913028 -4091.302819
14.619166 177910.752757 49.466401 -4946.640123
17.295650 189276.862960 58.522376 -5852.237576
20.091814 198961.572288 67.983185 -6798.318480
22.977801 206878.943767 77.747789 -7774.778902
25.923049 212958.726974 87.712768 -8771.276761
28.896562 217146.981591 97.773230 -9777.323049
31.867181 219406.556197 107.823744 -10782.374354
34.803863 219717.418030 117.759259 -11775.925891
37.675951 218076.830811 127.476042 -12747.604189
40.453446 214499.379037 136.872586 -13687.258627
43.107273 209016.838535 145.850510 -14585.051003
45.609535 201677.894429 154.315423 -15431.542338
47.933763 192547.709012 162.177761 -16217.776145
50.055142 181707.343367 169.353574 -16935.357431
51.950740 169253.037876 175.765267 -17576.526712
53.599702 155295.357982 181.342284 -18134.228412
54.983436 139958.212818 186.021730 -18602.173009
56.085780 123377.755381 189.748924 -18974.892400
56.893139 105701.174041 192.477880 -19247.787978
57.394606 87085.386087 194.171710 -19417.171001
57.582061 67695.644928 194.802949 -19480.294894
57.450237 47704.073298 194.353792 -19435.379197
56.996767 27288.135489 192.816249 -19281.624946
56.222206 6629.062172 190.192213 -19019.221344
55.130021 -14089.758218 186.493437 -18649.343678
53.726564 -34684.407238 181.741425 -18174.142485
52.021008 -54972.068908 175.967241 -17596.724070
50.025272 -74772.652395 169.211225 -16921.122548
47.753906 -93910.390500 161.522637 -16152.263657
45.223969 -112215.399782 152.959207 -15295.920670
42.454869 -129525.188444 143.586628 -14358.662778
39.468195 -145686.098623 133.477964 -13347.796431
36.287521 -160554.670255 122.713001 -12271.300127
32.938200 -173998.914437 111.377533 -11137.753255
29.447131 -185899.484966 99.562596 -9956.259599
25.842527 -196150.737653 87.363662 -8736.366205
22.153659 -204661.668030 74.879783 -7487.978311
18.410593 -211356.719106 62.212711 -6221.271109
14.643931 -216176.452007 49.465991 -4946.599112
10.884528 -219078.073563 36.744039 -3674.403941
7.163226 -220035.816130 24.151213 -2415.121340
3.510572 -219041.166309 11.790883 -1179.088250
-0.043447 -216102.940502 -0.235492 23.549233
-3.469678 -211247.206655 -11.829262 1182.926205
-6.740056 -204517.052871 -22.895468 2289.546791
-9.827856 -195972.204956 -33.343687 3334.368716
-12.707932 -185688.496282 -43.088838 4308.883826
-15.356940 -173757.194681 -52.051939 5205.193880
-17.753544 -160284.192343 -60.160809 6016.080912
-19.878611 -145389.065902 -67.350716 6735.071560
-21.715377 -129204.015066 -73.564948 7356.494767
-23.249599 -111872.689197 -78.755324 7875.532372
-24.469680 -93548.912265 -82.882621 8288.262115
-25.366777 -74395.317495 -85.916927 8591.692692
-25.934873 -54581.903813 -87.837905 8783.790534
-26.170839 -34284.526929 -88.634981 8863.498092
-26.074456 -13683.338418 -88.307434 8830.743446
-25.648422 7038.813316 -86.864412 8686.441163
-24.898328 27698.006022 -84.324844 8432.484399
-23.832604 48110.876110 -80.717283 8071.728305
-22.462452 68096.246206 -76.079649 7607.964896
-20.801745 87476.733291 -70.458896 7045.889593
-18.866899 106080.323177 -63.910598 6391.059752
-16.676737 123741.897312 -56.498455 5649.845533
-14.252315 140304.698395 -48.293735 4829.373549
-11.616740 155621.721759 -39.374638 3937.463803
-8.794961 169557.020205 -29.825605 2982.560462
-5.813556 181986.910679 -19.736571 1973.657087
-2.700487 192801.072091 -9.202170 920.216993
0.515142 201903.524542 1.679106 -167.910582
3.803341 209213.481245 12.805777 -1280.577719
7.133506 214666.065600 24.074277 -2407.427721
10.474685 218212.887046 35.379869 -3537.986880
13.795855 219822.470577 46.617573 -4661.757272
17.066194 219480.536126 57.683098 -5768.309778
20.255359 217190.125314 68.473765 -6847.376498
23.333748 212971.574451 78.889417 -7888.941732
26.272769 206862.334042 88.833307 -8883.330730
29.045090 198916.636364 98.212954 -9821.295414
31.624880 189205.014107 106.940963 -10694.096323
33.988042 177813.674321 114.935800 -11493.580035
36.112422 164843.733235 122.122514 -12212.251401
37.978008 150410.318748 128.433399 -12843.339931
39.567106 134641.548546 133.808598 -13380.859757
40.864498 117677.392923 138.196626 -13819.662625
41.857574 99668.432394 141.554835 -14155.483467
42.536447 80774.521138 143.849781 -14384.978123
42.894038 61163.368120 145.057529 -14505.752903
42.926139 41009.048497 145.163857 -14516.385705
42.631452 20490.458513 144.164385 -14416.438523
42.011595 -210.272388 142.064612 -14206.461205
41.071092 -20909.398160 138.879865 -13887.986467
39.817334 -41423.187096 134.635162 -13463.516165
38.260505 -61569.552637 129.364990 -12936.498979
36.413501 -81169.669591 123.112997 -12311.299690
34.291807 -100049.561389 115.931603 -11593.160333
31.913367 -118041.644319 107.881536 -10788.153555
29.298416 -134986.215001 99.031286 -9903.128616
26.469308 -150732.867935 89.456505 -8945.650488
23.450312 -165141.830498 79.239326 -7923.932604
20.267398 -178085.203582 68.467639 -6846.763864
16.948006 -189448.096831 57.234305 -5723.430518
13.520803 -199129.648416 45.636337 -4563.633653
10.015428 -207043.920288 33.774030 -3377.402986
6.462227 -213120.660972 21.750077 -2175.007749
2.891986 -217305.929121 9.668655 -966.865451
-0.664345 -219562.572301 -2.365507 236.550681
-4.175924 -219870.556761 -14.248047 1424.804747
-7.612296 -218227.145246 -25.875909 2587.590889
-10.943657 -214646.921300 -37.148249 3714.824854
-14.141124 -209161.659815 -47.967336 4796.733582
-17.176989 -201820.044994 -58.239420 5823.942031
-20.024968 -192687.238228 -67.875565 6787.556475
-22.660429 -181844.299715 -76.792435 7679.243517
-25.060618 -169387.468963 -84.913041 8491.304139
-27.204854 -155427.310562 -92.167421 9216.742111
-29.074719 -140087.732803 -98.493262 9849.326162
-30.654218 -123504.887857 -103.836454 10383.645364
-31.929923 -105825.963279 -108.151572 10815.157230
-32.891090 -87207.875559 -111.402281 11140.228103
-33.529757 -67815.877319 -113.561655 11356.165474
-33.840814 -47822.090520 -114.612420 11461.241955
-33.822049 -27403.978691 -114.547107 11454.710667
-33.474167 -6742.771750 -113.368119 11336.811944
-32.800784 13978.142603 -111.087713 11108.771255
-31.808396 34574.846654 -107.727884 10772.788395
-30.506321 54864.525142 -103.320180 10332.018016
-28.906616 74667.087935 -97.905417 9790.541689
-27.023970 93806.768534 -91.533317 9153.331731
-24.875575 112113.684180 -84.262071 8426.207134
-22.480974 129425.343752 -76.157820 7615.781964
-19.861884 145588.090049 -67.294067 6729.406716
-17.042009 160458.463663 -57.751031 5775.103123
-14.046825 173904.476337 -47.614930 4761.493006
-10.903355 185806.782498 -36.977218 3697.721803
-7.639933 196059.738586 -25.933774 2593.377442
-4.285946 204572.340745 -14.584053 1458.405286
-0.871581 211269.032589 -3.030199 303.019914
2.572450 216090.375841 8.623855 -862.385501
6.015178 218993.577913 20.273314 -2027.331393
9.425652 219952.871738 31.813448 -3181.344774
12.773216 218959.744483 43.140521 -4314.052147
16.027779 216023.013104 54.152715 -5415.271534
19.160081 211168.746092 64.751028 -6475.102811
22.141958 204440.032087 74.840155 -7484.015537
24.946582 195896.597419 84.329335 -8432.933504
27.548711 185614.275975 93.133153 -9313.315255
29.924902 173684.336093 101.172299 -10117.229861
32.053728 160212.670455 108.374273 -10837.427272
33.915960 145318.856182 114.674026 -11467.402630
35.494743 129135.093456 120.014540 -12001.453969
36.775745 111805.032102 124.347328 -12434.732789
37.747282 93482.496544 127.632870 -12763.287048
38.400422 74330.120449 129.840962 -12984.096212
38.729066 54517.903179 130.950980 -13095.098022
38.730000 34221.700866 130.952068 -13095.206768
38.402926 13621.665499 129.843229 -12984.322889
37.750459 -7099.354116 127.633338 -12763.333823
36.778112 -27757.435333 124.341061 -12434.106095
35.494239 -48169.214180 119.994687 -11999.468719
33.909966 -68153.512906 114.631881 -11463.188053
32.039090 -87532.948130 108.299343 -10829.934338
29.897957 -106135.505305 101.052402 -10105.240213
27.505315 -123796.065535 92.954516 -9295.451577
24.882152 -140357.871179 84.076712 -8407.671230
22.051504 -155673.917241 74.496958 -7449.695802
19.038256 -169608.256200 64.299465 -6429.946518
15.868914 -182037.204689 53.573944 -5357.394422
12.571379 -192850.441312 42.414807 -4241.480725
9.174691 -201951.985872 30.920330 -3092.032971
5.708775 -209261.051290 19.191778 -1919.177785
2.204174 -214712.760681 7.332510 -733.250962
-1.308221 -218258.723206 -4.552943 455.294306
-4.797445 -219867.463589 -16.359802 1635.980230
-8.232736 -219524.701494 -27.983975 2798.397458
-11.583807 -217233.478282 -39.322975 3932.297490
-14.821113 -213014.130009 -50.276837 5027.683668
-17.916117 -206904.106926 -60.748999 6074.899933
-20.841541 -198957.641067 -70.647166 7064.716554
-23.571608 -189245.264878 -79.884121 7988.412077
-26.082272 -177853.185170 -88.378508 8837.850754
-28.351430 -164882.517938 -96.055548 9605.554786
-30.359122 -150448.390851 -102.847707 10284.770712
-32.087702 -134678.921365 -108.695294 10869.529377
-33.522000 -117714.079548 -113.546989 11354.698935
-34.649455 -99704.445693 -117.360304 11736.030419
-35.460227 -80809.873759 -120.101955 12010.195478
-35.947281 -61198.072491 -121.748159 12174.815932
-36.106455 -41043.116829 -122.284849 12228.484911
-35.936494 -20523.902806 -121.707794 12170.779353
-35.439061 177.440351 -120.022638 12002.263778
-34.618723 20877.166807 -117.244853 11724.485301
-33.482909 41391.545062 -113.399599 11339.959912
-32.041848 61538.488769 -108.521502 10852.150164
-30.308474 81139.172939 -102.654345 10265.434457
-28.298314 100019.621213 -95.850682 9585.068189
-26.029347 118012.250079 -88.171371 8817.137128
-23.521848 134957.356364 -79.685034 7968.503409
-20.798209 150704.534766 -70.467446 7046.744641
-17.882734 165114.012863 -60.600867 6060.086666
-14.801430 178057.891745 -50.173306 5017.330557
-11.581772 189421.281253 -39.277745 3927.774518
-8.252462 199103.319752 -28.011314 2801.131363
-4.843172 207018.069386 -16.474423 1647.442325
-1.384283 213095.278871 -4.769879 476.987936
2.093387 217281.007046 6.998032 -699.803202
5.558857 219538.101666 18.724470 -1872.446974
8.981252 219846.529159 30.304968 -3030.496795
12.330086 218203.552455 41.636363 -4163.636319
15.575526 214623.755274 52.617710 -5261.770997
18.688657 209138.912681 63.151177 -6315.117663
21.641745 201797.709052 73.142914 -7314.291359
24.408474 192665.305944 82.503886 -8250.388623
26.964185 181822.763719 91.150665 -9115.066504
29.286096 169366.322047 99.006166 -9900.616604
31.353500 155406.545674 106.000335 -10600.033489
33.147951 140067.343042 112.070769 -11207.076853
34.653429 123484.866472 117.163269 -11716.326899
35.856478 105806.303661 121.232324 -12123.232436
36.746331 87188.571240 124.241513 -12424.151263
37.315001 67796.921966 126.163825 -12616.382486
37.557353 47803.477930 126.981905 -12698.190485
37.471152 27385.702786 126.688203 -12668.820304
37.057079 6724.826576 125.285043 -12528.504344
36.318727 -13995.762886 122.784603 -12278.460294
35.262569 -34592.147772 119.208803 -11920.880308
33.897901 -54881.512711 114.589115 -11458.911539
32.236759 -74683.767472 108.966282 -10896.628197
30.293811 -93823.145454 102.389954 -10238.995378
28.086227 -112129.763803 94.918250 -9491.824979
25.633529 -129441.131309 86.617241 -8661.724109
22.957416 -145603.590683 77.560364 -7756.036429
20.081570 -160473.682434 67.827770 -6782.776968
17.031448 -173919.418225 57.505610 -5750.560965
13.834055 -185821.452410 46.685274 -4668.527397
10.517705 -196074.141352 35.462578 -3546.257848
7.111768 -204586.481129 23.936915 -2393.691462
3.646411 -211282.915286 12.210367 -1221.036705
0.152330 -216104.005483 0.386808 -38.680753
-3.339523 -219006.959069 -11.429027 1142.902714
-6.798216 -219966.008919 -23.132465 2313.246485
-10.193109 -218972.642139 -34.619827 3461.982735
-13.494126 -216035.675629 -45.789351 4578.935052
-16.672025 -211181.177827 -56.542088 5654.208777
-19.698656 -204452.237317 -66.782788 6678.278832
-22.547210 -195908.580375 -76.420743 7642.074273
-25.192456 -185626.040837 -85.370588 8537.058812
-27.610969 -173695.886985 -93.553066 9355.306590
-29.781335 -160224.011453 -100.895725 10089.572536
-31.684340 -145329.991306 -107.333567 10733.356680
-33.303143 -129146.026673 -112.809619 11280.961852
-34.623427 -111815.767327 -117.275443 11727.544259
-35.633520 -93493.037637 -120.691565 12069.156483
-36.324504 -74340.471216 -123.027825 12302.782523
-36.690294 -54528.067370 -124.263646 12426.364575
-36.727688 -34231.682173 -124.388213 12438.821298
-36.436400 -13631.467555 -123.400574 12340.057421
-35.819060 7089.727735 -121.309646 12130.964591
-34.881190 27747.981113 -118.134135 11813.413468
-33.631158 48159.928669 -113.902371 11390.237121
-32.080102 68144.392715 -108.652059 10865.205889
-30.241828 87523.989933 -102.429939 10242.993923
-28.132696 106126.705844 -95.291377 9529.137696
-25.771465 123787.421617 -87.299869 8729.986872
-23.179132 140349.379680 -78.526479 7852.647947
-20.378745 155665.575106 -69.049212 6904.921178
-17.395199 169600.060443 -58.952313 5895.231349
-14.255012 182029.152395 -48.325530 4832.553000
-10.986093 192842.529638 -37.263308 3726.330769
-7.617493 201944.212044 -25.863956 2586.395567
-4.179146 209253.412609 -14.228773 1422.877325
-0.701605 214705.254518 -2.461151 246.115077
2.784229 218251.347003 9.334348 -933.434799
6.247383 219860.214861 21.052914 -2105.291393
9.657085 219517.577826 32.590423 -3259.042285
12.983039 217226.477329 43.844360 -4384.435965
16.195692 213007.249495 54.714728 -5471.472825
19.266498 206897.344644 65.104939 -6510.493904
22.168171 198950.994874 74.922666 -7492.266627
24.874925 189238.732699 84.080667 -8408.066746
27.362707 177846.764991 92.497558 -9249.755774
29.609405 164876.207807 100.098532 -10009.853221
31.595051 150442.188873 106.816030 -10681.602987
33.301993 134672.825705 112.590333 -11259.033323
34.715053 117708.088423 117.370098 -11737.009841
35.821661 99698.557372 121.112811 -12111.281078
36.611970 80804.086560 123.785162 -12378.516230
37.078940 61192.384779 125.363347 -12536.334715
37.218401 41037.527010 125.833273 -12583.327301
37.029091 20518.409327 125.190686 -12519.068608
36.512666 -182.839005 123.441209 -12344.120883
35.673686 -20882.472117 120.600290 -12060.029009
34.519575 -41396.758479 116.693068 -11669.306785
33.060554 -61543.611713 111.754146 -11175.414613
31.309552 -81144.206810 105.827288 -10582.728782
29.282089 -100024.567383 98.965026 -9896.502619
26.996139 -118017.109904 91.228199 -9122.819857
24.471972 -134962.131183 82.685406 -8268.540635
21.731970 -150709.225902 73.412406 -7341.240604
18.800436 -165118.621629 63.491437 -6349.143681
15.703368 -178062.419443 53.010491 -5301.049051
12.468239 -189425.729180 42.062531 -4206.253065
9.123742 -199107.689197 30.744667 -3074.466720
5.699547 -207022.361635 19.157295 -1915.729460
2.226027 -213099.495208 7.403201 -740.320067
-1.266004 -217285.148756 -4.413346 441.334580
-4.745568 -219542.170030 -16.187521 1618.752053
-8.181799 -219850.525463 -27.814874 2781.487426
-11.544212 -218207.477985 -39.192260 3919.225980
-14.802981 -214627.611316 -50.218748 5021.874763
-17.929195 -209142.700527 -60.796522 6079.652178
-20.895124 -201801.429992 -70.831748 7083.174806
-23.674456 -192668.961273 -80.235407 8023.540696
-26.242539 -181826.354732 -88.924084 8892.408380
-28.576593 -169369.850038 -96.820709 9682.070918
-30.655915 -155410.011938 -103.855243 10385.524302
-32.462065 -140070.748871 -109.965296 10996.529631
-33.979025 -123488.213156 -115.096685 11509.668485
-35.193345 -105809.592485 -119.203910 11920.391025
-36.094260 -87191.803482 -122.250564 12225.056376
-36.673788 -67800.098898 -124.209649 12420.964948
-36.926798 -47806.600812 -125.063824 12506.382397
-36.851058 -27388.772868 -124.805550 12480.555024
-36.447252 -6727.845092 -123.437165 12343.716463
-35.718978 13992.794714 -120.970856 12097.085609
-34.672713 34589.228744 -117.428558 11742.855805
-33.317755 54878.641646 -112.841754 11284.175368
-31.666143 74680.943209 -107.251197 10725.119652
-29.732548 93820.366858 -100.706549 10070.654874
-27.534146 112127.029765 -93.265940 9326.594034
-25.090461 129438.440747 -84.995453 8499.545320
-22.423193 145600.942545 -75.968535 7596.853457
-19.556029 160471.075700 -66.265345 6626.534512
-16.514430 173916.851908 -55.972047 5597.204747
-13.325402 185818.925556 -45.180041 4518.004143
-10.017262 196071.653044 -33.985153 3398.515270
-6.619384 204584.030485 -22.486782 2248.678234
-3.161937 211280.501464 -10.787025 1078.702452
0.324379 216101.627675 1.010240 -101.023970
3.808612 219004.616509 12.800264 -1280.026439
7.259825 219963.700877 24.478368 -2447.836849
10.647375 218970.367925 35.940865 -3594.086493
13.941185 216033.434593 47.085981 -4708.598097
17.112011 211178.969353 57.814762 -5781.476156
20.131699 204450.060828 68.031948 -6803.194758
22.973437 195906.435331 77.646821 -7764.682146
25.611994 185623.926732 86.574012 -8657.401230
28.023942 173693.803348 94.734254 -9473.425365
30.187863 160221.957844 102.055087 -10205.508709
32.084542 145327.967317 108.471505 -10847.150536
33.697137 129144.031924 113.926529 -11392.652933
35.011326 111813.801465 118.371714 -11837.171378
36.015437 93491.100334 121.767577 -12176.757738
36.700551 74338.562166 124.083953 -12408.395309
37.060577 54526.186285 125.300256 -12530.025599
37.092315 34229.828786 125.405666 -12540.566590
36.795475 13629.641612 124.399223 -12439.922347
36.172685 -7091.526475 122.289839 -12228.983867
35.229466 -27749.752882 119.096212 -11909.621168
33.974184 -48161.673690 114.846667 -11484.666694
32.417974 -68146.111207 109.578902 -10957.890167
30.574642 -87525.682114 103.339651 -10333.965133
28.460545 -106128.371932 96.184275 -9618.427471
26.094441 -123789.061832 88.176263 -8817.626263
23.497325 -140350.994246 79.386674 -7938.667434
20.692244 -155667.164256 69.893507 -6989.350677
17.704089 -169601.624420 59.781002 -5978.100226
14.559380 -182030.691449 49.138901 -4913.890079
11.286021 -192844.044034 38.061643 -3806.164345
7.913063 -201945.702062 26.647534 -2664.753412
4.470439 -209254.878542 14.997867 -1499.786698
0.988701 -214706.696678 3.216027 -321.602735
-2.501254 -218252.765719 -8.593426 859.342592
-5.968452 -219861.610479 -20.325689 2032.568858
-9.382123 -219518.950711 -31.876641 3187.664119
-12.711974 -217227.827865 -43.143773 4314.377334
-15.928451 -213008.578084 -54.027093 5402.709349
-19.003011 -206898.651707 -64.430017 6443.001658
-21.908368 -198952.280850 -74.260221 7426.022126
-24.618738 -189239.998043 -83.430469 8343.046939
-27.110069 -177848.010176 -91.859380 9185.938038
-29.360251 -164877.433321 -99.472153 9947.215350
-31.349317 -150443.395218 -106.201232 10620.123184
-33.059615 -134674.013394 -111.986902 11198.690199
-34.475968 -117709.257981 -116.777824 11677.782400
-35.585810 -99699.709334 -120.531487 12053.148713
-36.379293 -80805.221466 -123.214587 12321.458717
-36.849378 -61193.503174 -124.803322 12480.332204
-36.991897 -41038.629444 -125.283603 12528.360309
-36.805588 -20519.496348 -124.651180 12465.118014
-36.292108 181.766848 -122.911679 12291.167921
-35.456020 20881.414281 -120.080553 12008.055260
-34.304747 41395.714426 -116.182942 11618.294172
-32.848512 61542.580915 -111.253454 11125.345394
-31.100244 81143.188747 -105.335855 10533.585545
-29.075464 100023.561551 -98.482683 9848.268272
-26.792148 118016.115813 -90.754776 9075.477628
-24.270566 134961.148360 -82.220741 8222.074062
-21.533103 150708.253894 -72.956335 7295.633530
-18.604059 165117.660004 -63.043802 6304.380248
-15.509437 178061.467792 -52.571137 5257.113695
-12.276707 189424.787116 -41.631305 4163.130511
-8.934567 199106.756361 -30.321420 3032.141974
-5.512684 207021.437695 -18.741878 1874.187808
-2.041433 213098.579857 -6.995471 699.547065
1.448370 217284.241718 4.813531 -481.353107
4.925748 219541.271057 16.580300 -1658.030020
8.359832 219849.634336 28.200385 -2820.038489
11.720139 218206.594514 39.570635 -3957.063544
14.976839 214626.735343 50.590120 -5059.011985
18.101024 209141.831918 61.161020 -6116.101973
21.064960 201800.568646 71.189499 -7118.949851
23.842337 192668.107113 80.586534 -8058.653434
26.408500 181825.507709 89.268710 -8926.871025
28.740670 169369.010129 97.158955 -9715.895459
30.818143 155409.179141 104.187225 -10418.722508
32.622477 140069.923208 110.291131 -11029.113055
34.137655 123487.394669 115.416485 -11541.648467
35.350226 105808.781235 119.517787 -11951.778697
36.249425 87190.999546 122.558627 -12255.862666
36.827268 67799.302366 124.512006 -12451.200583
37.078624 47805.811788 125.360579 -12536.057909
37.001261 27387.991465 125.096807 -12509.680750
36.595862 6727.071430 123.723026 -12372.302551
35.866024 -13993.560511 121.251420 -12125.142022
34.818223 -34589.986549 117.703923 -11770.392323
33.461758 -54879.391332 113.112016 -11311.201592
31.808667 -74681.684652 107.516450 -10751.645007
29.873621 -93821.099938 100.966886 -10096.688613
27.673794 -112127.754371 93.521452 -9352.145239
25.228710 -129439.156776 85.246229 -8524.622908
22.560070 -145601.649907 76.214662 -7621.466182
19.691559 -160471.774318 66.506910 -6650.690966
16.648637 -173917.541720 56.209134 -5620.913366
13.458311 -185819.606517 45.412732 -4541.273207
10.148898 -196072.325129 34.213529 -3421.352907
6.749770 -204584.693689 22.710924 -2271.092424
3.291096 -211281.155801 11.007010 -1100.701027
-0.196426 -216102.273184 -0.794333 79.433322
-3.681840 -219005.253250 -12.588362 1258.836171
-7.134213 -219964.328934 -24.270396 2427.039553
-10.522902 -218970.987405 -35.736749 3573.674898
-13.817831 -216034.045626 -46.885651 4688.565068
-16.989754 -211179.572095 -57.618147 5761.814687
-20.010518 -204450.655456 -67.838980 6783.897976
-22.853314 -195907.022044 -77.457433 7745.743301
-25.492908 -185624.505752 -86.388137 8638.813701
-27.905873 -173694.374916 -94.551827 9455.182652
-30.070794 -160222.522221 -101.876044 10187.604435
-31.968454 -145328.524782 -108.295784 10829.578440
-33.582011 -129144.582771 -113.754069 11375.406872
-34.897145 -111814.346003 -118.202453 11820.245324
-35.902184 -93491.638885 -121.601458 12160.145774
-36.588208 -74339.095060 -123.920916 12392.091630
-36.949128 -54526.713865 -125.140245 12514.024508
-36.981743 -34230.351395 -125.248625 12524.862497
-36.685763 -13630.159601 -124.245098 12424.509766
-36.063818 7091.012756 -122.138574 12213.857415
-35.121428 27749.243082 -118.947756 11894.775563
-33.866960 48161.167464 -114.700968 11470.096752
-32.311549 68145.608215 -109.435908 10943.590803
-30.469002 87525.182023 -103.199314 10319.931355
-28.355674 106127.874419 -96.046544 9604.654384
-25.990326 123788.566590 -88.041091 8804.109060
-23.393951 140350.500979 -79.254014 7925.401400
-20.589598 155666.672687 -69.763312 6976.331185
-17.602158 169601.134289 -59.653227 5965.322735
-14.458150 182030.202517 -49.013501 4901.350134
-11.185480 192843.556084 -37.938576 3793.857572
-7.813198 201945.214900 -26.526755 2652.675520
-4.371237 209254.391997 -14.879335 1487.933476
-0.890150 214706.210606 -3.099701 309.970051
2.599165 218252.280000 8.707588 -870.758796
6.065736 219861.125020 20.437726 -2043.772563
9.478792 219518.465446 31.986592 -3198.659232
12.808037 217227.342754 43.251677 -4325.167690
16.023921 213008.093115 54.132987 -5413.298714
19.097898 206898.166892 64.533937 -6453.393727
22.002683 198951.796229 74.362205 -7436.220527
24.712492 189239.513678 83.530552 -8353.055234
27.203272 177847.526154 91.957597 -9195.759722
29.452914 164876.949752 99.568539 -9956.853856
31.441448 150442.912231 106.295819 -10629.581883
33.151225 134673.531138 112.079724 -11207.972400
34.567067 117708.776624 116.868914 -11686.891351
35.676407 99699.229057 120.620876 -12062.087605
36.469397 80804.742466 123.302307 -12330.230682
36.938999 61193.025658 124.889403 -12488.940318
37.081042 41038.153629 125.368076 -12536.807593
36.894267 20519.022458 124.734074 -12473.407434
36.380330 -182.238587 122.993024 -12299.302391
35.543792 -20881.883638 120.160376 -12016.037640
34.392078 -41396.181172 116.261273 -11626.127272
32.935411 -61543.044825 111.330320 -11133.031973
31.186718 -81143.649599 105.411283 -10541.128312
29.161522 -100024.019131 98.556699 -9855.669888
26.877797 -118016.569919 90.827407 -9082.740706
24.355813 -134961.598799 82.292012 -8229.201168
21.617956 -150708.700488 73.026272 -7302.627184
18.688526 -165118.102592 63.112429 -6311.242924
15.593524 -178061.906230 52.638478 -5263.847825
12.360422 -189425.221279 41.697385 -4169.738479
9.017915 -199107.186146 30.386261 -3038.626123
5.595673 -207021.863019 18.805504 -1880.550438
2.124071 -213099.000663 7.057904 -705.790435
-1.366078 -217284.657970 -4.752268 475.226780
-4.843795 -219541.682745 -16.520186 1652.018560
-8.278212 -219850.041474 -28.141398 2814.139760
-11.638845 -218206.997142 -39.512754 3951.275448
-14.895866 -214627.133525 -50.533325 5053.332466
-18.020366 -209142.225744 -61.105290 6110.529010
-20.984611 -201800.958228 -71.134815 7113.481461
-23.762291 -192668.492589 -80.532877 8053.287672
-26.328751 -181825.889237 -89.216060 8921.605984
-28.661213 -169369.387889 -97.107293 9710.729265
-30.738972 -155409.553334 -104.136533 10413.653326
-32.543588 -140070.294054 -110.241391 11024.139080
-34.059042 -123487.762403 -115.367679 11536.767933
-35.271884 -105809.146107 -119.469899 11946.989870
-36.171348 -87191.361820 -122.511638 12251.163846
-36.749452 -67799.662316 -124.465901 12446.590101
-37.001064 -47806.169696 -125.315341 12531.534130
-36.923952 -27388.347620 -125.052421 12505.242069
-36.518799 -6727.426126 -123.679474 12367.947396
-35.789203 13993.206981 -121.208688 12120.868850
-34.741640 34589.633890 -117.661996 11766.199620
-33.385409 54879.039253 -113.070879 11307.087876
-31.732547 74681.332870 -107.476088 10747.608824
-29.797726 93820.748175 -100.927285 10092.728536
-27.598119 112127.402361 -93.482599 9348.259870
-25.153252 129438.804264 -85.208109 8520.810876
-22.484824 145601.296654 -76.177261 7617.726141
-19.616522 160471.420100 -66.470216 6647.021599
-16.573805 173917.186331 -56.173134 5617.313379
-13.383680 185819.249773 -45.377413 4537.741331
-10.074464 196071.966866 -34.178879 3417.887898
-6.675529 204584.333765 -22.676931 2267.693061
-3.217046 211280.794098 -10.973661 1097.366113
0.270288 216101.909609 0.827050 -82.704962
3.755520 219004.887735 12.620457 -1262.045690
7.207713 219963.961437 24.301881 -2430.188082
10.596225 218970.617909 35.767635 -3576.763548
13.890980 216033.674142 46.915949 -4691.594929
17.062732 211179.198656 57.647868 -5764.786828
20.083329 204450.280124 67.868134 -6786.813448
22.925961 195906.644904 77.486031 -7748.603136
25.565394 185624.126911 86.416189 -8641.618912
27.978201 173693.994506 94.579342 -9457.934235
30.142965 160222.140394 101.903034 -10190.303366
32.040473 145328.141709 108.322257 -10832.225681
33.653881 129144.198643 113.780034 -11378.003367
34.968868 111813.961027 118.227920 -11822.792000
35.973762 93491.253280 121.626435 -12162.643543
36.659644 74338.709060 123.945414 -12394.541389
37.020425 54526.327712 125.164271 -12516.427137
37.052903 34229.965340 125.272189 -12527.218863
36.756789 13629.773900 124.268207 -12426.820720
36.134713 -7091.397844 122.161238 -12216.123795
35.192194 -27749.627299 118.969982 -11896.998193
33.937599 -48161.550550 114.722764 -11472.276441
32.382063 -68145.989917 109.457283 -10945.728347
30.539394 -87525.562095 103.220275 -10322.027538
28.425947 -106128.252622 96.067100 -9606.709974
26.060480 -123788.942696 88.061248 -8806.124816
23.463990 -140350.874776 79.273781 -7927.378065
20.659524 -155667.043975 69.782695 -6978.269490
17.671973 -169601.502887 59.672234 -5967.223401
14.527856 -182030.568262 49.032139 -4903.213867
11.255079 -192843.918834 37.956851 -3795.685067
7.882692 -201945.574533 26.544675 -2654.467460
4.440628 -209254.748416 14.896905 -1489.690531
0.959439 -214706.563736 3.116929 -311.692880
-2.529975 -218252.629791 -8.690695 869.069545
-5.996643 -219861.471448 -20.421163 2042.116254
-9.409794 -219518.808512 -31.970352 3197.035243
-12.739133 -217227.682483 -43.235754 4323.575408
-15.955109 -213008.429559 -54.117375 5411.737538
-19.029176 -206898.500127 -64.518631 6451.863067
-21.934050 -198952.126355 -74.347198 7434.719805
-24.643945 -189239.840821 -83.515839 8351.583884
-27.134810 -177847.850460 -91.943172 9194.317188
-29.384535 -164877.271387 -99.554396 9955.439593
-31.373152 -150443.231385 -106.281954 10628.195358
-33.083009 -134673.848016 -112.066131 11206.613089
-34.498930 -117709.091448 -116.855587 11685.558743
-35.608347 -99699.542065 -120.607812 12060.781198
-36.401413 -80805.053907 -123.289500 12328.949985
-36.871089 -61193.335792 -124.876849 12487.684851
-37.013206 -41038.462723 -125.355769 12535.576886
-36.826502 -20519.330786 -124.722010 12472.201027
-36.312636 181.930747 -122.981198 12298.119833
-35.805224 20883.221292 -121.263217 1.212632
-35.300987 41400.755803 -119.556953 1.195570
-34.467559 61550.734981 -116.736755 1.167368
-33.312340 81154.306184 -112.827660 1.128277
-31.845583 100037.466729 -107.864371 1.078644
-30.080310 118032.608348 -101.890945 1.018909
-28.032191 134980.004891 -94.960409 0.949604
-25.719406 150729.230069 -87.134283 0.871343
-23.162485 165140.492646 -78.482035 0.784820
-20.384125 178085.877240 -69.080470 0.690805
-17.408988 189450.479702 -59.013039 0.590130
-14.263482 199133.427020 -48.369107 0.483691
-10.975529 207048.772673 -37.243155 0.372432
-7.574314 213126.259497 -25.733941 0.257339
-4.090029 217311.943293 -13.943627 0.139436
-0.553600 219568.671641 -1.976868 0.019769
3.003581 219876.413666 10.060112 -0.100601
6.549939 218232.437835 22.060469 -0.220605
10.053995 214651.336201 33.917682 -0.339177
13.484645 209164.894883 45.526501 -0.455265
16.811437 201821.811930 56.783881 -0.567839
20.004842 192687.265075 67.589896 -0.675899
23.036513 181842.333211 77.848627 -0.778486
25.879539 169383.276732 87.469013 -0.874690
28.508685 155420.683113 96.365656 -0.963657
30.900611 140078.485335 104.459587 -1.044596
33.034087 123492.861842 111.678958 -1.116790
34.890174 105811.027813 117.959685 -1.179597
36.452396 87189.928470 123.246015 -1.232460
37.706885 67794.846019 127.491022 -1.274910
38.642505 47797.932599 130.657024 -1.306570
39.250950 27376.682239 132.715912 -1.327159
39.526818 6712.355416 133.649410 -1.336494
39.467659 -14011.629830 133.449225 -1.334492
39.073998 -34611.325929 132.117131 -1.321171
38.349326 -54903.888506 129.664947 -1.296649
37.300074 -74709.199328 126.114434 -1.261144
35.935556 -93851.465042 121.497102 -1.214971
34.267880 -112160.777531 115.853932 -1.158539
32.311849 -129474.622030 109.235006 -1.092350
30.084822 -145639.319619 101.699072 -1.016991
27.606566 -160511.391285 93.313014 -0.933130
24.899076 -173958.831458 84.151264 -0.841513
21.986383 -185862.279698 74.295136 -0.742951
18.894338 -196116.080144 63.832110 -0.638321
15.650387 -204629.219329 52.855053 -0.528551
12.283321 -211326.134019 41.461392 -0.414614
8.823025 -216147.381915 29.752256 -0.297523
5.300211 -219050.169273 17.831569 -0.178316
1.746148 -220008.730739 5.805138 -0.058051
-1.807621 -219014.558047 -6.220296 0.062203
-5.329552 -216076.475538 -18.137998 0.181380
-8.788387 -211220.561835 -29.842191 0.298422
-12.153426 -204489.918365 -41.228990 0.412290
-15.394801 -195944.286793 -52.197331 0.521973
-18.483744 -185659.518744 -62.649863 0.626499
-21.392838 -173726.902545 -72.493811 0.724938
-24.096263 -160252.352937 -81.641806 0.816418
-26.570025 -145355.470975 -90.012654 0.900127
-28.792167 -129168.482433 -97.532058 0.975321
-30.742967 -111835.064167 -104.133280 1.041333
-32.405110 -93509.068823 -109.757731 1.097577
-33.763846 -74353.159229 -114.355494 1.143555
-34.807115 -54537.364595 -117.885762 1.178858
-35.525657 -34237.571315 -120.317205 1.203172
-35.913097 -13633.961790 -121.628246 1.216282
-35.965997 7090.584884 -121.807252 1.218073
-35.683889 27752.116165 -120.852639 1.208526
-35.069278 48167.238840 -118.772884 1.187729
-34.127620 68154.746835 -115.586452 1.155865
-32.867276 87537.229616 -111.321630 1.113216
-31.299433 106142.646896 -106.016278 1.060163
-29.438009 123805.855674 -99.717491 0.997175
-27.299527 140370.076061 -92.481181 0.924812
-24.902970 155688.282867 -84.371583 0.843716
-22.269612 169624.510606 -75.460682 0.754607
-19.422827 182055.060337 -65.827578 0.658276
-16.387885 192869.597623 -55.557778 0.555578
-13.191726 201972.131871 -44.742443 0.447424
-9.862721 209281.868345 -33.477574 0.334776
-6.430418 214733.925311 -21.863163 0.218632
-2.925285 218279.909932 -10.002306 0.100023
0.621564 219888.347803 1.999715 -0.019997
4.178648 219544.962320 14.036365 -0.140364
7.714390 217252.801405 26.000802 -0.260008
11.197408 213032.210447 37.786825 -0.377868
14.596783 206920.651718 49.289814 -0.492898
17.882342 198972.371854 60.407664 -0.604077
21.024919 189257.920358 71.041688 -0.710417
23.996622 177863.523399 81.097494 -0.810975
26.771069 164890.318460 90.485821 -0.904858
29.323636 150453.456636 99.123332 -0.991233
31.631662 134681.080546 106.933357 -1.069334
33.674662 117713.186927 113.846568 -1.138466
35.434499 99700.384015 119.801599 -1.198016
36.895552 80802.554734 124.745589 -1.247456
38.044851 61187.437567 128.634650 -1.286346
38.872194 41029.137695 131.434257 -1.314343
39.370236 20506.581625 133.119557 -1.331196
39.534554 -198.070970 133.675587 -1.336756
39.363690 -20901.044116 133.097406 -1.330974
38.859158 -41418.576745 131.390143 -1.313901
38.025435 -61568.553774 128.568947 -1.285689
36.869920 -81172.122568 124.658854 -1.246589
35.402869 -100055.280451 119.694567 -1.196946
33.637302 -118050.419166 113.720144 -1.137201
31.588888 -134997.812575 106.788610 -1.067886
29.275808 -150747.034405 98.961486 -0.989615
26.718592 -165158.293437 90.308242 -0.903082
23.939937 -178103.674305 80.905679 -0.809057
20.964505 -189468.272882 70.837252 -0.708373
17.818705 -199151.216178 60.192323 -0.601923
14.530458 -207066.557693 49.065374 -0.490654
11.128949 -213144.040286 37.555164 -0.375552
7.644369 -217329.719785 25.763854 -0.257639
4.107646 -219586.443793 13.796100 -0.137961
0.550171 -219894.181462 1.758124 -0.017581
-2.996481 -218250.201284 -10.243228 0.102432
-6.500831 -214669.095337 -22.101435 0.221014
-9.931775 -209182.649765 -33.711249 0.337112
-13.258862 -201839.562643 -44.969624 0.449696
-16.452560 -192705.011728 -55.776633 0.557766
-19.484525 -181860.075935 -66.036358 0.660364
-22.327845 -169401.015679 -75.657737 0.756577
-24.957284 -155438.418458 -84.555375 0.845554
-27.349504 -140096.217270 -92.650299 0.926503
-29.483273 -123510.590577 -99.870663 0.998707
-31.339654 -105828.753572 -106.152383 1.061524
-32.902169 -87207.651492 -111.439706 1.114397
-34.156951 -67812.566555 -115.685706 1.156857
-35.092865 -47815.650907 -118.852700 1.188527
-35.701603 -27394.398585 -120.912581 1.209126
-35.977764 -6730.070069 -121.847071 1.218471
-35.918899 13993.916599 -121.647878 1.216479
-35.525530 34593.613847 -120.316777 1.203168
-34.801152 54886.177305 -117.865585 1.178656
-33.752194 74691.488744 -114.316064 1.143161
-32.387968 93833.754820 -109.699724 1.096997
-30.720586 112143.067425 -104.057546 1.040575
-28.764848 129456.911805 -97.439613 0.974396
-26.538114 145621.609055 -89.904671 0.899047
-24.060151 160493.680179 -81.519605 0.815196
-21.352954 173941.119624 -72.358846 0.723588
-18.440554 185844.566968 -62.503711 0.625037
-15.348803 196098.366374 -52.041677 0.520417
-12.105145 204611.504395 -41.065612 0.410656
-8.738372 211308.417821 -29.672944 0.296729
-5.278370 216129.664378 -17.964800 0.179648
-1.755849 219032.450345 -6.045106 0.060451
1.797921 219991.010395 5.980333 -0.059803
5.351396 218996.836288 18.004774 -0.180048
8.873034 216058.752389 29.921484 -0.299215
12.331576 211202.837346 41.624683 -0.416247
15.696321 204472.192613 53.010489 -0.530105
18.937403 195926.559878 63.977838 -0.639778
22.026053 185641.790790 74.429376 -0.744294
24.934853 173709.173697 84.272332 -0.842723
27.637985 160234.623362 93.419334 -0.934193
30.111452 145337.740859 101.789188 -1.017892
32.333301 129150.751980 109.307599 -1.093076
34.283807 111817.333598 115.907827 -1.159078
35.945658 93491.338370 121.531286 -1.215313
37.304100 74335.429139 126.128055 -1.261281
38.347075 54519.635124 129.657331 -1.296573
39.065324 34219.842726 132.087781 -1.320878
39.452471 13616.234352 133.397828 -1.333978
39.505078 -7108.310900 133.575841 -1.335758
39.222676 -27769.840488 132.620235 -1.326202
38.607771 -48184.961199 130.539488 -1.305395
37.665820 -68172.466966 127.352063 -1.273521
36.405183 -87554.947261 123.086249 -1.230862
34.837046 -106160.361804 117.779904 -1.177799
32.975329 -123823.567609 111.480125 -1.114801
30.836554 -140387.784798 104.242823 -1.042428
28.439704 -155705.988196 96.132233 -0.961322
25.806053 -169642.212335 87.220341 -0.872203
22.958975 -182072.758293 77.586245 -0.775862
19.923740 -192887.291654 67.315454 -0.673155
16.727288 -201989.821846 56.499127 -0.564991
13.397990 -209299.554156 45.233268 -0.452333
9.965395 -214751.606876 33.617867 -0.336179
6.459969 -218297.587191 21.756019 -0.217560
2.912827 -219906.020721 9.753008 -0.097530
-0.644549 -219562.630891 -2.284632 0.022846
-4.180584 -217270.465645 -14.250059 0.142501
-7.663894 -213049.870399 -26.037071 0.260371
-11.063561 -206938.307450 -37.541049 0.375410
-14.349412 -198990.023459 -48.659888 0.486599
-17.492282 -189275.567952 -59.294901 0.592949
-20.464276 -177881.167120 -69.351695 0.693517
-23.239016 -164907.958469 -78.741010 0.787410
-25.791875 -150471.093113 -87.379509 0.873795
-28.100193 -134698.713689 -95.190522 0.951905
-30.143484 -117730.816951 -102.104721 1.021047
-31.903613 -99718.011150 -108.060740 1.080607
-33.364958 -80820.179223 -113.005717 1.130057
-34.514549 -61205.059662 -116.895765 1.168958
-35.342184 -41046.757657 -119.696359 1.196964
-35.840517 -20524.199722 -121.382646 1.213826
-36.005127 180.454467 -121.939663 1.219397
-35.834554 20883.428934 -121.362469 1.213625
-35.330314 41400.962615 -119.656193 1.196562
-34.496883 61550.940428 -116.835984 1.168360
-33.341660 81154.509745 -112.926878 1.129269
-31.874900 100037.667899 -107.963577 1.079636
-30.109624 118032.806641 -101.990140 1.019901
-28.061502 134980.199849 -95.059593 0.950596
-25.748714 150729.421263 -87.233456 0.872335
-23.191790 165140.679680 -78.581198 0.785812
-20.413426 178086.059754 -69.179622 0.691796
-17.438286 189450.657377 -59.112182 0.591122
-14.292777 199133.599580 -48.468240 0.484682
-11.004822 207048.939887 -37.342278 0.373423
-7.603604 213126.421181 -25.833055 0.258331
-4.119316 217312.099312 -14.042732 0.140427
-0.582884 219568.821910 -2.075965 0.020760
2.974299 219876.558152 9.961024 -0.099610
6.520659 218232.576556 21.961389 -0.219614
10.024717 214651.469225 33.818609 -0.338186
13.455369 209165.022328 45.427436 -0.454274
16.782164 201821.933966 56.684823 -0.566848
19.975571 192687.381918 67.490845 -0.674908
23.007244 181842.445124 77.749582 -0.777496
25.850272 169383.384020 87.369974 -0.873700
28.479419 155420.786124 96.266623 -0.962666
30.871347 140078.584453 104.360560 -1.043606
33.004825 123492.957486 111.579936 -1.115799
34.860913 105811.120434 117.860668 -1.178607
36.423137 87190.018543 123.147004 -1.231470
37.677627 67794.934046 127.392016 -1.273920
38.613249 47798.019095 130.558022 -1.305580
39.221695 27376.767736 132.616916 -1.326169
39.497564 6712.440453 133.550418 -1.335504
39.438407 -14011.544710 133.350238 -1.333502
39.044747 -34611.240183 132.018149 -1.320181
38.320076 -54903.801597 129.565970 -1.295660
37.270827 -74709.110729 126.015462 -1.260155
35.906310 -93851.374242 121.398135 -1.213981
34.238636 -112160.684038 115.754970 -1.157550
32.282606 -129474.525376 109.136050 -1.091361
30.055581 -145639.219364 101.600122 -1.016001
27.577326 -160511.287023 93.214070 -0.932141
24.869838 -173958.722816 84.052325 -0.840523
21.957146 -185862.166343 74.196203 -0.741962
18.865104 -196115.961785 63.733184 -0.637332
15.621155 -204629.095720 52.756133 -0.527561
12.254091 -211326.004960 41.362480 -0.413625
8.793797 -216147.247255 29.653351 -0.296534
5.270986 -219050.028910 17.732672 -0.177327
1.716925 -220008.584623 5.706249 -0.057062
-1.836841 -219014.406178 -6.319177 0.063192
-5.358770 -216076.317968 -18.236870 0.182369
-8.817603 -211220.398666 -29.941054 0.299411
-12.182639 -204489.749749 -41.327844 0.413278
-15.424011 -195944.112931 -52.296175 0.522962
-18.512951 -185659.339883 -62.748697 0.627487
-21.422042 -173726.718977 -72.592636 0.725926
-24.125464 -160252.164995 -81.740620 0.817406
-26.599222 -145355.279032 -90.111457 0.901115
-28.821361 -129168.286898 -97.630850 0.976309
-30.772158 -111834.865480 -104.232061 1.042321
-32.434299 -93508.867451 -109.856502 1.098565
-33.793031 -74352.955665 -114.454253 1.144543
-34.836296 -54537.159350 -117.984510 1.179845
-35.554835 -34237.364917 -120.415942 1.204159
-35.942272 -13633.754776 -121.726971 1.217270
-35.995169 7090.791972 -121.905965 1.219060
-35.713057 27752.322783 -120.951341 1.209513
-35.098442 48167.444448 -118.871574 1.188716
-34.156781 68154.950904 -115.685131 1.156851
-32.896434 87537.431628 -111.420298 1.114203
-31.328587 106142.846352 -106.114934 1.061149
-29.467160 123806.052098 -99.816136 0.998161
-27.328675 140370.269004 -92.579815 0.925798
-24.932115 155688.471910 -84.470206 0.844702
-22.298754 169624.695364 -75.559296 0.755593
-19.451966 182055.240465 -65.926181 0.659262
-16.417021 192869.772815 -55.656372 0.556564
-13.220859 201972.301865 -44.841026 0.448410
-9.891851 209282.032927 -33.576148 0.335761
-6.459546 214734.084313 -21.961729 0.219617
-2.954410 218280.063235 -10.100863 0.101009
0.592442 219888.495339 1.901167 -0.019012
4.149528 219545.104074 13.937825 -0.139378
7.685273 217252.937411 25.902270 -0.259023
11.168292 213032.340790 37.688300 -0.376883
14.567670 206920.776534 49.191296 -0.491913
17.853230 198972.491327 60.309153 -0.603092
20.995810 189258.034721 70.943184 -0.709432
23.967514 177863.632928 80.998996 -0.809990
26.741964 164890.423476 90.387329 -0.903873
29.294532 150453.557499 99.024846 -0.990248
31.602560 134681.177653 106.834876 -1.068349
33.645561 117713.280707 113.748093 -1.137481
35.405400 99700.474927 119.703130 -1.197031
36.866454 80802.643263 124.647125 -1.246471
38.015755 61187.524220 128.536190 -1.285362
38.843099 41029.222993 131.335802 -1.313358
39.341142 20506.666102 133.021107 -1.330211
39.505462 -197.986772 133.577142 -1.335771
39.334599 -20900.959653 132.998966 -1.329990
38.830069 -41418.491476 131.291708 -1.312917
37.996347 -61568.467164 128.470517 -1.284705
36.840834 -81172.034096 124.560429 -1.245604
35.373784 -100055.189612 119.596147 -1.195961
33.608218 -118050.325474 113.621729 -1.136217
31.559806 -134997.715573 106.690201 -1.066902
29.246728 -150746.933663 98.863082 -0.988631
26.689514 -165158.188559 90.209843 -0.902098
23.910861 -178103.564931 80.807287 -0.808073
20.935431 -189468.158694 70.738866 -0.707389
17.789632 -199151.096898 60.093944 -0.600939
14.501387 -207066.433091 48.967002 -0.489670
11.099880 -213143.910179 37.456799 -0.374568
7.615302 -217329.584036 25.665496 -0.256655
4.078582 -219586.302319 13.697750 -0.136978
0.521109 -219894.034229 1.659782 -0.016598
-3.025540 -218250.048310 -10.341561 0.103416
-6.529888 -214668.936690 -22.199760 0.221998
-9.960829 -209182.485565 -33.809565 0.338096
-13.287913 -201839.393058 -45.067930 0.450679
-16.481609 -192704.836973 -55.874930 0.558749
-19.513570 -181859.896274 -66.134645 0.661346
-22.356887 -169400.831418 -75.756014 0.757560
-24.986323 -155438.229943 -84.653641 0.846536
-27.378540 -140096.024886 -92.748555 0.927486
-29.512306 -123510.394744 -99.968908 0.999689
-31.368684 -105828.554740 -106.250617 1.062506
-32.931195 -87207.450137 -111.537929 1.115379
-34.185975 -67812.363177 -115.783918 1.157839
-35.121885 -47815.446022 -118.950900 1.189509
-35.730619 -27394.192724 -121.010770 1.210108
-36.006777 -6729.863773 -121.945248 1.219452
-35.947909 13994.122787 -121.746044 1.217460
-35.554537 34593.819385 -120.414931 1.204149
-34.830155 54886.381656 -117.963728 1.179637
-33.781193 74691.691381 -114.414196 1.144142
-32.416965 93833.955232 -109.797845 1.097978
-30.749579 112143.265119 -104.155655 1.041557
-28.793837 129457.106315 -97.537711 0.975377
-26.567100 145621.799940 -90.002759 0.900028
-24.089134 160493.867032 -81.617682 0.816177
-21.381934 173941.302073 -72.456913 0.724569
-18.469531 185844.744681 -62.601768 0.626018
-15.377778 196098.539058 -52.139724 0.521397
-12.134117 204611.671805 -41.163650 0.411636
-8.767341 211308.579757 -29.770973 0.297710
-5.307336 216129.820688 -18.062820 0.180628
-1.784813 219032.600929 -6.143117 0.061431
1.768960 219991.155202 5.882330 -0.058823
5.322437 218996.975317 17.906780 -0.179068
8.844078 216058.885693 29.823496 -0.298235
12.302621 211202.965027 41.526703 -0.415267
15.667369 204472.314824 52.912517 -0.529125
18.908453 195926.676818 63.879872 -0.638799
21.997104 185641.902707 74.331417 -0.743314
24.905906 173709.280883 84.174378 -0.841744
27.609040 160234.726150 93.321386 -0.933214
30.082509 145337.839622 101.691246 -1.016912
32.304359 129150.847127 109.209662 -1.092097
34.254867 111817.425568 115.809896 -1.158099
35.916719 93491.427632 121.433360 -1.214334
37.275163 74335.516185 126.030135 -1.260301
38.318139 54519.720466 129.559415 -1.295594
39.036390 34219.926890 131.989870 -1.319899
39.423538 13616.317875 133.299922 -1.332999
39.476146 -7108.227474 133.477940 -1.334779
39.193746 -27769.756616 132.522339 -1.325223
38.578843 -48184.876342 130.441596 -1.304416
37.636893 -68172.380594 127.254176 -1.272542
36.376257 -87554.858856 122.988367 -1.229884
34.808122 -106160.270867 117.682027 -1.176820
32.946406 -123823.473664 111.382253 -1.113823
30.807633 -140387.687395 104.144956 -1.041450
28.410785 -155705.886917 96.034372 -0.960344
25.777135 -169642.106796 87.122486 -0.871225
22.930059 -182072.648148 77.488396 -0.774884
19.894826 -192887.176597 67.217611 -0.672176
16.698376 -201989.701616 56.401292 -0.564013
13.369080 -209299.428537 45.135439 -0.451354
9.936487 -214751.475700 33.520045 -0.335200
6.431064 -218297.450341 21.658205 -0.216582
2.883924 -219905.878129 9.655202 -0.096552
-0.673450 -219562.482540 -2.382431 0.023824
-4.209482 -217270.311570 -14.347849 0.143478
-7.692790 -213049.710685 -26.134852 0.261349
-11.092454 -206938.142233 -37.638821 0.376388
-14.378303 -198989.852923 -48.757651 0.487577
-17.521170 -189275.392330 -59.392654 0.593927
-20.493161 -177880.986689 -69.449438 0.694494
-23.267898 -164907.773548 -78.838743 0.788387
-25.820753 -150470.904063 -87.477232 0.874772
-28.129069 -134698.520906 -95.288234 0.952882
-30.172357 -117730.620866 -102.202422 1.022024
-31.932482 -99717.812221 -108.158430 1.081584
-33.393824 -80819.977935 -113.103396 1.131034
-34.543411 -61204.856522 -116.993432 1.169934
-35.371043 -41046.553187 -119.794015 1.197940
-35.869373 -20523.994455 -121.480291 1.214803
-36.033979 180.659989 -122.037296 1.220373
-35.863403 20883.634168 -121.460091 1.214601
-35.359159 41401.167018 -119.753804 1.197538
-34.525725 61551.143467 -116.933583 1.169336
-33.370499 81154.710898 -113.024465 1.130245
-31.903736 100037.866660 -108.061153 1.080612
-30.138456 118033.002527 -102.087706 1.020877
-28.090331 134980.392400 -95.157148 0.951571
-25.777540 150729.610049 -87.331000 0.873310
-23.220612 165140.864307 -78.678732 0.786787
-20.442246 178086.239861 -69.277146 0.692771
-17.467103 189450.832646 -59.209695 0.592097
-14.321591 199133.769734 -48.565744 0.485657
-11.033633 207049.104695 -37.439773 0.374398
-7.632413 213126.580458 -25.930541 0.259305
-4.148122 217312.252925 -14.140209 0.141402
-0.611688 219568.969774 -2.173433 0.021734
2.945498 219876.700233 9.863563 -0.098636
6.491860 218232.712871 21.863936 -0.218639
9.995921 214651.599843 33.721164 -0.337212
13.426575 209165.147370 45.329998 -0.453300
16.753372 201822.053598 56.587392 -0.565874
19.946780 192687.496357 67.393420 -0.673934
22.978455 181842.554633 77.652164 -0.776522
25.821485 169383.488904 87.272562 -0.872726
28.450634 155420.886730 96.169217 -0.961692
30.842564 140078.681167 104.263159 -1.042632
32.976043 123493.050727 111.482541 -1.114825
34.832133 105811.210651 117.763278 -1.177633
36.394358 87190.106214 123.049619 -1.230496
37.648850 67795.019669 127.294636 -1.272946
38.584473 47798.103188 130.460647 -1.304606
39.192920 27376.850830 132.519545 -1.325195
39.468791 6712.523087 133.453052 -1.334531
39.409636 -14011.461993 133.252877 -1.332529
39.015977 -34611.156839 131.920793 -1.319208
38.291308 -54903.717089 129.468618 -1.294686
37.242059 -74709.024532 125.918115 -1.259181
35.877544 -93851.285843 121.300794 -1.213008
34.209871 -112160.592946 115.657633 -1.156576
32.253843 -129474.431123 109.038719 -1.090387
30.026819 -145639.121510 101.502796 -1.015028
27.548566 -160511.185161 93.116749 -0.931167
24.841080 -173958.616574 83.955010 -0.839550
21.928390 -185862.055388 74.098895 -0.740989
18.836350 -196115.845826 63.635882 -0.636359
15.592403 -204628.974511 52.658838 -0.526588
12.225341 -211325.878300 41.265192 -0.412652
8.765049 -216147.114994 29.556070 -0.295561
5.242240 -219049.890946 17.635399 -0.176354
1.688181 -220008.440906 5.608983 -0.056090
-1.865583 -219014.256708 -6.416434 0.064164
-5.387509 -216076.162796 -18.334119 0.183341
-8.846339 -211220.237895 -30.038294 0.300383
-12.211372 -204489.583531 -41.425075 0.414251
-15.452742 -195943.941467 -52.393397 0.523934
-18.541679 -185659.163420 -62.845909 0.628459
-21.450767 -173726.537806 -72.689837 0.726898
-24.154186 -160251.979451 -81.837812 0.818378
-26.627941 -145355.089487 -90.208638 0.902086
-28.850077 -129168.093760 -97.728020 0.977280
-30.800870 -111834.669189 -104.329221 1.043292
-32.463007 -93508.668475 -109.953650 1.099537
-33.821736 -74352.754497 -114.551390 1.145514
-34.864998 -54536.956502 -118.081636 1.180816
-35.583534 -34237.160915 -120.513056 1.205131
-35.970968 -13633.550157 -121.824074 1.218241
-36.023861 7090.996664 -122.003057 1.220031
-35.741746 27752.527006 -121.048421 1.210484
-35.127128 48167.647662 -118.968643 1.189686
-34.185464 68155.152577 -115.782189 1.157822
-32.925113 87537.631245 -111.517345 1.115173
-31.357263 106143.043413 -106.211970 1.062120
-29.495832 123806.246128 -99.913161 0.999132
-27.357344 140370.459552 -92.676829 0.926768
-24.960781 155688.658558 -84.567210 0.845672
-22.327417 169624.877729 -75.656289 0.756563
-19.480626 182055.418199 -66.023165 0.660232
-16.445678 192869.945614 -55.753345 0.557533
-13.249514 201972.469467 -44.937990 0.449380
-9.920502 209282.195115 -33.673103 0.336731
-6.488195 214734.240922 -22.058675 0.220587
-2.983057 218280.214146 -10.197800 0.101978
0.563798 219888.640484 1.804238 -0.018042
4.120886 219545.243435 13.840904 -0.138409
7.656633 217253.071024 25.805357 -0.258054
11.139655 213032.468741 37.591394 -0.375914
14.539034 206920.898958 49.094397 -0.490944
17.824597 198972.608409 60.212261 -0.602123
20.967179 189258.146692 70.846299 -0.708463
23.938885 177863.740067 80.902117 -0.809021
26.713336 164890.526101 90.290455 -0.902905
29.265906 150453.655971 98.927978 -0.989280
31.573936 134681.272368 106.738014 -1.067380
33.616938 117713.372096 113.651236 -1.136512
35.376778 99700.563449 119.606278 -1.196063
36.837834 80802.729403 124.550277 -1.245503
37.987136 61187.608483 128.439348 -1.284393
38.814482 41029.305901 131.238965 -1.312390
39.312527 20506.748191 132.924274 -1.329243
39.476848 -197.904962 133.480314 -1.334803
39.305986 -20900.877578 132.902143 -1.329021
38.801457 -41418.408595 131.194889 -1.311949
37.967737 -61568.382943 128.373702 -1.283737
36.812225 -81171.948012 124.463620 -1.244636
35.345177 -100055.101160 119.499342 -1.194993
33.579613 -118050.234171 113.524930 -1.135249
31.531202 -134997.620959 106.593407 -1.065934
29.218126 -150746.835308 98.766294 -0.987663
26.660913 -165158.086067 90.113061 -0.901131
23.882262 -178103.457944 80.710510 -0.807105
20.906833 -189468.046892 70.642095 -0.706421
17.761037 -199150.980006 59.997180 -0.599972
14.472794 -207066.310876 48.870244 -0.488702
11.071289 -213143.782457 37.360049 -0.373600
7.586713 -217329.450674 25.568753 -0.255688
4.049995 -219586.163232 13.601015 -0.136010
0.492525 -219893.889383 1.563055 -0.015631
-3.054122 -218249.897721 -10.438281 0.104383
-6.558467 -214668.780428 -22.296471 0.222965
-9.989406 -209182.323749 -33.906267 0.339063
-13.316487 -201839.225857 -45.164623 0.451646
-16.510180 -192704.664603 -55.971613 0.559716
-19.542139 -181859.718997 -66.231319 0.662313
-22.385453 -169400.649540 -75.852678 0.758527
-25.014885 -155438.043812 -84.750294 0.847503
-27.407100 -140095.834887 -92.845197 0.928452
-29.540863 -123510.201294 -100.065540 1.000655
-31.397237 -105828.358291 -106.347238 1.063472
-32.959745 -87207.251165 -111.634539 1.116345
-34.214521 -67812.162181 -115.880517 1.158805
-35.150428 -47815.243520 -119.047488 1.190475
-35.759159 -27393.989247 -121.107346 1.211073
-36.035314 -6729.659859 -122.041813 1.220418
-35.976442 13994.326594 -121.842598 1.218426
-35.583066 34594.022541 -120.511473 1.205115
-34.858681 54886.583625 -118.060259 1.180603
-33.809716 74691.891637 -114.510715 1.145107
-32.445484 93834.153262 -109.894354 1.098944
-30.778096 112143.460433 -104.252153 1.042522
-28.822351 129457.298444 -97.634198 0.976342
-26.595611 145621.988444 -90.099235 0.900992
-24.117641 160494.051505 -81.714148 0.817141
-21.410438 173941.482142 -72.553369 0.725534
-18.498033 185844.920012 -62.698214 0.626982
-15.406276 196098.709363 -52.236161 0.522362
-12.162613 204611.836835 -41.260077 0.412601
-8.795834 211308.739313 -29.867391 0.298674
-5.335826 216129.974619 -18.159229 0.181592
-1.813301 219032.749134 -6.239518 0.062395
1.740474 219991.297629 5.785938 -0.057859
5.293954 218997.111968 17.810395 -0.178104
8.815597 216059.016618 29.727119 -0.297271
12.274142 211203.090330 41.430333 -0.414303
15.638892 204472.434656 52.816154 -0.528162
18.879978 195926.791380 63.783515 -0.637835
21.968631 185642.012246 74.235066 -0.742351
24.877435 173709.385691 84.078034 -0.840780
27.580570 160234.826561 93.225048 -0.932250
30.054041 145337.936008 101.594913 -1.015949
32.275893 129150.939897 109.113335 -1.091133
34.226403 111817.515161 115.713574 -1.157136
35.888256 93491.514517 121.337043 -1.213370
37.246701 74335.600854 125.933822 -1.259338
38.289679 54519.803431 129.463107 -1.294631
39.007931 34220.008678 131.893567 -1.318936
39.395080 13616.399023 133.203624 -1.332036
39.447690 -7108.146424 133.381646 -1.333816
39.165291 -27769.675120 132.426050 -1.324260
38.550389 -48184.793861 130.345311 -1.303453
37.608441 -68172.296596 127.157896 -1.271579
36.347806 -87554.772825 122.892092 -1.228921
34.779673 -106160.182305 117.585757 -1.175858
32.917959 -123823.382093 111.285988 -1.112860
30.779187 -140387.592367 104.048697 -1.040487
28.382340 -155705.788013 95.938118 -0.959381
25.748692 -169642.003631 87.026238 -0.870262
22.901618 -182072.540376 77.392154 -0.773922
19.866387 -192887.063914 67.121375 -0.671214
16.669939 -201989.583759 56.305062 -0.563051
13.340645 -209299.305291 45.039216 -0.450392
9.908054 -214751.346898 33.423829 -0.334238
6.402633 -218297.315864 21.561997 -0.215620
2.855495 -219905.737909 9.559001 -0.095590
-0.701876 -219562.336561 -2.478623 0.024786
-4.237906 -217270.159866 -14.444033 0.144440
-7.721211 -213049.553343 -26.231027 0.262310
-11.120873 -206937.979388 -37.734987 0.377350
-14.406719 -198989.684759 -48.853808 0.488538
-17.549583 -189275.219079 -59.488802 0.594888
-20.521571 -177880.808629 -69.545576 0.695456
-23.296305 -164907.590999 -78.934871 0.789349
-25.849157 -150470.717384 -87.573349 0.875733
-28.157470 -134698.330495 -95.384341 0.953843
-30.200755 -117730.427151 -102.298518 1.022985
-31.960877 -99717.615663 -108.254515 1.082545
-33.422215 -80819.779018 -113.199470 1.131995
-34.571800 -61204.655752 -117.089496 1.170895
-35.399428 -41046.351086 -119.890068 1.198901
-35.897754 -20523.791558 -121.576332 1.215763
-36.062358 180.863141 -122.133326 1.221333
-35.891778 20883.837032 -121.556110 1.215561
-35.387531 41401.369053 -119.849811 1.198498
-34.554093 61551.344138 -117.029579 1.170296
-33.398864 81154.909683 -113.120450 1.131205
-31.932097 100038.063053 -108.157127 1.081571
-30.166815 118033.196044 -102.183669 1.021837
-28.118686 134980.582583 -95.253101 0.952531
-25.805892 150729.796468 -87.426942 0.874269
-23.248962 165141.046566 -78.774664 0.787747
-20.470592 178086.417601 -69.373067 0.693731
-17.495446 189451.005547 -59.305607 0.593056
-14.349932 199133.937521 -48.661646 0.486616
-11.061971 207049.267135 -37.535666 0.375357
-7.660748 213126.737369 -26.026425 0.260264
-4.176454 217312.404171 -14.236084 0.142361
-0.640018 219569.115271 -2.269300 0.022693
2.917170 219876.839948 9.767704 -0.097677
6.463535 218232.846821 21.768085 -0.217681
9.967597 214651.728096 33.625320 -0.336253
13.398254 209165.270045 45.234161 -0.452342
16.725052 201822.170865 56.491561 -0.564916
19.918463 192687.608431 67.297596 -0.672976
22.950139 181842.661776 77.556346 -0.775563
25.793171 169383.591424 87.176750 -0.871767
28.422321 155420.984973 96.073411 -0.960734
30.814253 140078.775517 104.167359 -1.041674
32.947734 123493.141604 111.386745 -1.113867
34.803825 105811.298505 117.667488 -1.176675
36.366052 87190.191521 122.953833 -1.229538
37.620545 67795.102929 127.198856 -1.271989
38.556169 47798.184918 130.364871 -1.303649
39.164619 27376.931561 132.423774 -1.324238
39.440491 6712.603358 133.357286 -1.333573
39.381336 -14011.381637 133.157115 -1.331571
38.987679 -34611.075857 131.825035 -1.318250
38.263011 -54903.634944 129.372865 -1.293729
37.213764 -74708.940696 125.822367 -1.258224
35.849250 -93851.199806 121.205050 -1.212051
34.181579 -112160.504216 115.561895 -1.155619
32.225552 -129474.339232 108.942986 -1.089430
29.998530 -145639.026018 101.407068 -1.014071
27.520279 -160511.085660 93.021027 -0.930210
24.812794 -173958.512693 83.859294 -0.838593
21.900106 -185861.946793 74.003184 -0.740032
18.808068 -196115.732227 63.540178 -0.635402
15.564123 -204628.855661 52.563141 -0.525631
12.197063 -211325.754000 41.169501 -0.411695
8.736773 -216146.985093 29.460386 -0.294604
5.213966 -219049.755342 17.539723 -0.175397
1.659910 -220008.299548 5.513315 -0.055133
-1.893852 -219014.109597 -6.512095 0.065121
-5.415776 -216076.009983 -18.429771 0.184298
-8.874603 -211220.079483 -30.133937 0.301339
-12.239633 -204489.419672 -41.520709 0.415207
-15.481000 -195943.772361 -52.489022 0.524890
-18.569935 -185658.989315 -62.941524 0.629415
-21.479020 -173726.358994 -72.785443 0.727854
-24.182436 -160251.796265 -81.933407 0.819334
-26.656188 -145354.902299 -90.304223 0.903042
-28.878320 -129167.902979 -97.823595 0.978236
-30.829111 -111834.475255 -104.424785 1.044248
-32.491245 -93508.471857 -110.049203 1.100492
-33.849971 -74352.555687 -114.646933 1.146469
-34.893229 -54536.756011 -118.177167 1.181772
-35.611762 -34236.959270 -120.608576 1.206086
-35.999192 -13633.347896 -121.919583 1.219196
-36.052082 7091.199000 -122.098555 1.220986
-35.769964 27752.728872 -121.143907 1.211439
-35.155342 48167.848519 -119.064118 1.190641
-34.213675 68155.351896 -115.877653 1.158777
-32.953320 87537.828507 -111.612797 1.116128
-31.385467 106143.238120 -106.307412 1.063074
-29.524034 123806.437803 -100.008592 1.000086
-27.385542 140370.647746 -92.772250 0.927722
-24.988976 155688.842852 -84.662620 0.846626
-22.355609 169625.057739 -75.751689 0.757517
-19.508815 182055.593579 -66.118555 0.661186
-16.473865 192870.116059 -55.848725 0.558487
-13.277697 201972.634715 -45.033361 0.450334
-9.948683 209282.354951 -33.768465 0.337685
-6.516373 214734.395177 -22.154028 0.221540
-3.011233 218280.362703 -10.293145 0.102931
0.535624 219888.783275 1.708901 -0.017089
4.092715 219545.380444 13.745576 -0.137456
7.628464 217253.202285 25.710036 -0.257100
11.111488 213032.594339 37.496080 -0.374961
14.510870 206921.019029 48.999090 -0.489991
17.796434 198972.723139 60.116961 -0.601170
20.939018 189258.256312 70.751005 -0.707510
23.910725 177863.844853 80.806829 -0.808068
26.685179 164890.626375 90.195173 -0.901952
29.237750 150453.752092 98.832701 -0.988327
31.545781 134681.364733 106.642742 -1.066427
33.588785 117713.461134 113.555970 -1.135560
35.348627 99700.649620 119.511016 -1.195110
36.809684 80802.813192 124.455021 -1.244550
37.958988 61187.690395 128.344096 -1.283441
38.786335 41029.386460 131.143718 -1.311437
39.284381 20506.827929 132.829032 -1.328290
39.448704 -197.825502 133.385076 -1.333851
39.277843 -20900.797853 132.806909 -1.328069
38.773315 -41418.328063 131.099660 -1.310997
37.939597 -61568.301071 128.278478 -1.282785
36.784087 -81171.864278 124.368400 -1.243684
35.317040 -100055.015057 119.404128 -1.194041
33.551477 -118050.145216 113.429720 -1.134297
31.503068 -134997.528692 106.498202 -1.064982
29.189993 -150746.739302 98.671095 -0.986711
26.632782 -165157.985924 90.017867 -0.900179
23.854132 -178103.353305 80.615322 -0.806153
20.878706 -189467.937438 70.546913 -0.705469
17.732911 -199150.865460 59.902004 -0.599020
14.444670 -207066.191008 48.775075 -0.487751
11.043167 -213143.657083 37.264887 -0.372649
7.558593 -217329.319659 25.473598 -0.254736
4.021877 -219586.026491 13.505867 -0.135059
0.464409 -219893.746882 1.467915 -0.014679
-3.082235 -218249.749479 -10.533412 0.105334
-6.586577 -214668.626513 -22.391594 0.223916
-10.017514 -209182.164280 -34.001381 0.340014
-13.344592 -201839.061002 -45.259728 0.452597
-16.538282 -192704.494579 -56.066709 0.560667
-19.570238 -181859.544066 -66.326405 0.663264
-22.413549 -169400.470008 -75.947754 0.759478
-25.042979 -155437.860026 -84.845361 0.848454
-27.435190 -140095.647231 -92.940253 0.929403
-29.568950 -123510.010189 -100.160585 1.001606
-31.425321 -105828.164186 -106.442272 1.064423
-32.987826 -87207.054538 -111.729563 1.117296
-34.242599 -67811.963530 -115.975529 1.159755
-35.178502 -47815.043362 -119.142489 1.191425
-35.787230 -27393.788113 -121.202337 1.212023
-36.063382 -6729.458289 -122.136792 1.221368
-36.004506 13994.528057 -121.937566 1.219376
-35.611128 34594.223354 -120.606430 1.206064
-34.886739 54886.783251 -118.155204 1.181552
-33.837771 74692.089549 -114.605650 1.146056
-32.473536 93834.348950 -109.989277 1.099893
-30.806144 112143.653404 -104.347066 1.043471
-28.850396 129457.488230 -97.729100 0.977291
-26.623653 145622.174607 -90.194127 0.901941
-24.145680 160494.233635 -81.809030 0.818090
-21.438474 173941.659869 -72.648241 0.726482
-18.526066 185845.093003 -62.793075 0.627931
-15.434306 196098.877326 -52.331013 0.523310
-12.190640 204611.999525 -41.354920 0.413549
-8.823859 211308.896529 -29.962224 0.299622
-5.363849 216130.126210 -18.254054 0.182541
-1.841321 219032.894998 -6.334335 0.063343
1.712457 219991.437716 5.691129 -0.056911
5.265939 218997.246278 17.715594 -0.177156
8.787584 216059.145204 29.632325 -0.296323
12.246132 211203.213293 41.335546 -0.413355
15.610883 204472.552148 52.721374 -0.527214
18.851971 195926.903603 63.688742 -0.636887
21.940626 185642.119447 74.140299 -0.741403
24.849432 173709.488160 83.983273 -0.839833
27.552568 160234.924634 93.130292 -0.931303
30.026041 145338.030056 101.500163 -1.015002
32.247894 129151.030328 109.018590 -1.090186
34.198406 111817.602416 115.618834 -1.156188
35.860260 93491.599064 121.242308 -1.212423
37.218707 74335.683186 125.839092 -1.258391
38.261686 54519.884058 129.368381 -1.293684
38.979939 34220.088128 131.798845 -1.317988
39.367090 13616.477834 133.108907 -1.331089
39.419701 -7108.067711 133.286934 -1.332869
39.137303 -27769.595961 132.331342 -1.323313
38.522403 -48184.713716 130.250608 -1.302506
37.580456 -68172.214935 127.063198 -1.270632
36.319823 -87554.689131 122.797398 -1.227974
34.751691 -106160.096079 117.491068 -1.174911
32.889978 -123823.292858 111.191304 -1.111913
30.751208 -140387.499674 103.954018 -1.039540
28.354363 -155705.691444 95.843445 -0.958434
25.720716 -169641.902802 86.931570 -0.869316
22.873644 -182072.434940 77.297492 -0.772975
19.838415 -192886.953565 67.026719 -0.670267
16.641969 -201989.468236 56.210412 -0.562104
13.312676 -209299.184380 44.944573 -0.449446
9.880087 -214751.220430 33.329193 -0.333292
6.374668 -218297.183720 21.467368 -0.214674
2.827533 -219905.600023 9.464380 -0.094644
-0.729836 -219562.192916 -2.573236 0.025732
-4.265864 -217270.010496 -14.538638 0.145386
-7.749166 -213049.398334 -26.325624 0.263256
-11.148825 -206937.818875 -37.829575 0.378296
-14.434668 -198989.518928 -48.948387 0.489484
-17.577530 -189275.048161 -59.583371 0.595834
-20.549515 -177880.632901 -69.640136 0.696401
-23.324246 -164907.410781 -79.029420 0.790294
-25.877095 -150470.533037 -87.667889 0.876679
-28.185404 -134698.142414 -95.478870 0.954789
-30.228686 -117730.235768 -102.393037 1.023930
-31.988806 -99717.421436 -108.349023 1.083490
-33.450141 -80819.582432 -113.293967 1.132940
-34.599722 -61204.457313 -117.183982 1.171840
-35.427346 -41046.151315 -119.984542 1.199845
-35.925670 -20523.590991 -121.670796 1.216708
-36.090270 181.063964 -122.227778 1.222278
