879
1.904193E+004
2.054679E+006
3.005638E+006
1.402389E+006
1.000000E+000
4.333590E+004
4.322096E+004
1.397178E+006
2.635575E+006
2.457783E+006
1.000000E+000
6.788310E+004
2.627772E+006
2.847646E+006
2.271849E+006
2.453335E+006
1.426052E+006
2.079159E+006
1.428803E+006
1.000000E+000
7.892315E+004
6.863206E+004
7.773931E+004
6.786522E+004
1.358211E+006
2.192263E+006
2.398003E+006
1.000000E+000
7.344777E+004
8.200147E+004
1.438791E+006
2.472643E+006
2.277785E+006
2.137318E+006
2.151666E+006
2.149905E+006
1.000000E+000
7.380066E+004
8.382828E+004
7.549699E+004
8.518554E+004
7.160042E+005
7.610023E+004
7.618632E+004
1.359209E+006
2.245488E+006
2.238929E+006
1.356784E+006
1.000000E+000
1.455906E+006
2.286286E+006
1.546339E+006
1.465743E+006
2.065080E+006
2.603565E+006
2.166195E+006
2.128331E+006
1.565897E+006
2.186693E+006
1.451805E+006
1.000000E+000
1.423139E+006
8.573507E+004
8.645727E+004
7.666181E+004
1.389481E+006
7.772150E+004
1.117126E+006
7.885628E+004
8.001889E+004
2.278570E+006
2.366418E+006
1.473449E+006
1.922056E+006
1.000000E+000
1.966614E+006
2.159088E+006
8.837492E+004
8.457515E+004
1.548909E+006
2.138391E+006
2.178973E+006
2.151214E+006
2.202641E+006
2.170860E+006
1.000000E+000
2.228047E+006
7.832658E+004
7.860855E+004
1.390532E+006
2.167245E+006
1.372801E+006
1.147729E+006
8.164701E+004
8.323273E+004
1.392074E+006
2.436129E+006
1.949704E+006
2.519548E+006
1.000000E+000
2.543147E+006
2.265484E+006
2.207950E+006
8.526948E+004
7.845770E+004
7.793569E+004
1.578766E+006
1.456702E+006
1.950846E+006
2.448939E+006
2.083861E+006
2.103026E+006
1.496646E+006
2.231815E+006
1.000000E+000
2.384718E+006
1.398996E+006
1.380591E+006
2.325234E+006
2.210257E+006
2.075545E+006
1.138565E+006
8.479772E+004
1.184507E+006
8.575493E+004
2.440142E+006
2.321901E+006
1.000000E+000
2.467909E+006
2.250398E+006
2.066372E+006
8.351172E+004
7.681081E+004
1.374792E+006
1.358180E+006
1.410492E+006
2.106833E+006
2.214815E+006
2.231216E+006
2.202323E+006
1.000000E+000
2.348926E+006
2.526642E+006
2.005869E+006
2.195466E+006
2.137932E+006
1.153339E+006
8.800470E+004
2.886697E+006
1.042544E+006
8.848007E+004
2.538135E+006
2.627034E+006
1.000000E+000
2.629853E+006
2.326606E+006
2.290585E+006
2.346914E+006
2.677620E+006
8.167135E+004
7.542908E+004
1.367754E+006
2.368745E+006
2.485703E+006
2.149275E+006
1.509756E+006
2.048630E+006
2.354719E+006
2.120690E+006
1.000000E+000
2.428488E+006
2.148282E+006
2.121425E+006
2.533522E+006
1.182182E+006
9.102562E+004
1.030382E+006
9.050134E+004
1.198329E+006
2.492638E+006
2.521310E+006
1.000000E+000
2.424416E+006
2.420836E+006
2.403327E+006
2.324944E+006
2.320361E+006
2.448143E+006
1.405285E+006
2.777470E+006
7.817467E+004
7.399423E+004
2.427033E+006
1.230019E+006
2.275555E+006
2.287962E+006
2.443626E+006
2.140021E+006
2.354420E+006
1.000000E+000
2.618078E+006
2.488581E+006
2.370909E+006
2.177315E+006
2.545188E+006
2.375212E+006
1.247110E+006
9.311639E+004
8.997316E+004
8.306136E+004
1.138708E+006
2.330796E+006
2.891342E+006
2.608597E+006
2.688385E+006
1.000000E+000
2.197211E+006
2.699450E+006
2.180103E+006
2.347129E+006
2.413990E+006
2.442919E+006
2.479322E+006
2.558785E+006
7.123893E+004
9.834823E+005
7.506299E+004
1.424327E+006
7.316571E+004
2.116664E+006
2.306944E+006
2.167537E+006
2.357024E+006
2.569658E+006
2.549991E+006
1.000000E+000
2.478637E+006
1.000000E+000
2.341974E+006
2.514741E+006
2.220726E+006
2.366939E+006
2.390441E+006
1.295305E+006
9.126552E+004
8.897705E+004
5.065272E+004
9.599085E+005
9.785915E+005
2.918703E+006
1.012127E+006
2.530901E+006
1.000000E+000
2.285308E+006
2.335205E+006
2.441694E+006
2.627849E+006
2.326337E+006
2.375595E+006
2.390846E+006
2.411542E+006
1.000000E+000
1.168581E+006
2.147910E+006
2.806269E+006
4.102716E+004
1.792404E+004
5.986612E+005
6.790925E+004
2.326685E+006
8.377962E+005
2.332406E+006
2.281096E+006
2.632997E+006
2.385964E+006
2.547349E+006
2.889950E+006
2.476615E+006
2.673135E+006
2.830852E+006
1.000000E+000
2.480311E+006
2.414960E+006
2.490268E+006
2.494724E+006
2.482645E+006
7.137374E+005
1.044701E+005
5.741203E+004
2.793808E+004
9.302566E+005
3.172925E+004
2.663238E+006
1.000619E+006
5.402844E+004
2.791724E+006
2.892324E+006
2.317899E+006
2.279695E+006
8.474496E+005
2.331358E+006
2.374895E+006
2.387832E+006
2.406187E+006
2.842298E+006
1.000000E+000
1.879979E+006
2.279733E+006
2.538698E+006
4.187129E+004
1.387731E+006
8.020195E+004
6.245381E+004
8.863881E+005
8.199634E+004
2.298455E+006
9.121684E+005
2.602467E+006
2.428466E+006
2.338227E+006
2.395420E+006
1.000000E+000
2.375570E+006
2.406731E+006
2.377777E+006
2.394585E+006
2.654667E+006
2.456037E+006
1.051894E+005
8.528820E+004
5.489576E+004
1.103130E+005
6.717765E+004
2.785028E+006
1.012571E+006
8.209800E+004
8.570115E+004
2.606511E+006
2.819492E+006
2.663171E+006
2.805488E+006
2.279070E+006
8.708117E+005
1.255692E+005
2.299475E+006
2.367214E+006
2.384555E+006
2.403857E+006
2.776751E+006
2.766204E+006
2.931738E+006
2.802689E+006
2.539416E+006
1.000000E+000
2.371431E+006
2.356805E+006
1.394328E+006
1.996548E+006
7.250827E+004
1.457922E+006
8.503654E+004
7.625441E+004
8.924293E+005
8.832292E+004
2.386948E+006
9.306262E+005
1.000000E+000
2.366492E+006
2.403830E+006
2.363035E+006
2.371317E+006
2.473041E+006
2.849737E+006
2.307909E+006
1.038876E+005
8.266119E+004
1.045604E+005
1.000999E+005
9.262917E+004
1.015194E+006
9.501633E+004
9.207795E+004
7.543159E+005
1.004177E+006
1.020659E+006
1.000664E+006
9.523022E+005
8.531331E+005
1.284984E+005
1.178257E+005
8.613304E+005
8.725014E+005
1.099743E+006
7.281866E+005
1.016144E+006
1.008553E+006
1.090876E+006
1.283253E+006
1.854972E+004
2.399807E+006
2.459346E+006
1.000000E+000
2.770803E+006
2.487873E+006
2.157753E+006
1.419158E+006
1.920035E+006
7.925388E+004
1.469518E+006
9.159760E+004
8.226140E+004
9.460782E+005
9.477247E+004
1.000000E+000
2.301105E+006
9.040331E+005
2.296484E+006
2.604694E+006
2.370785E+006
2.460348E+006
2.498032E+006
9.704821E+005
9.873963E+004
1.126328E+005
9.798505E+004
1.414114E+006
2.640308E+006
9.509740E+004
8.897665E+004
1.485960E+006
1.893187E+006
9.285431E+004
8.595601E+004
8.999108E+004
8.445893E+004
1.331554E+005
1.211212E+005
1.186634E+005
1.443038E+005
1.372743E+005
1.399291E+005
1.363242E+005
4.369898E+004
7.993044E+004
6.585747E+004
4.265031E+004
1.902565E+006
1.398549E+006
2.580051E+006
1.000000E+000
2.495853E+006
2.332182E+006
1.000000E+000
2.407298E+006
2.116927E+006
1.415648E+006
1.927809E+006
8.497251E+004
1.480148E+006
9.710682E+004
8.706390E+004
1.000000E+000
1.388694E+005
8.287726E+005
8.097384E+005
8.096832E+005
7.659144E+005
1.009313E+005
3.084820E+005
1.105384E+005
1.118007E+005
1.337234E+006
2.464490E+006
2.210574E+006
8.670913E+004
1.441169E+006
1.983596E+006
8.386585E+004
7.916714E+004
7.820457E+004
7.667750E+004
1.243187E+005
1.224582E+005
1.195644E+005
1.322209E+005
1.284903E+005
1.267488E+005
1.209735E+005
6.876698E+004
7.076364E+004
7.688761E+004
6.701357E+004
1.424551E+006
2.221994E+006
2.137611E+006
2.649683E+006
2.303182E+006
2.735619E+006
1.000000E+000
2.397651E+006
2.067776E+006
1.423828E+006
1.921020E+006
8.583440E+004
1.471286E+006
7.800971E+004
1.000000E+000
1.303823E+005
1.184014E+005
1.165145E+005
1.102647E+005
8.629914E+004
9.616521E+004
1.163310E+005
1.499101E+006
2.121539E+006
2.110697E+006
1.357105E+006
2.152847E+006
2.495852E+006
2.437893E+006
1.489621E+006
1.456511E+006
1.407156E+006
1.393542E+006
1.235982E+005
1.228706E+005
1.225345E+005
1.286166E+005
1.249816E+005
1.258883E+005
1.164403E+005
7.047895E+005
7.474565E+004
7.452835E+004
1.585095E+006
1.428633E+006
2.093198E+006
2.374913E+006
2.168001E+006
2.314706E+006
1.000000E+000
2.430312E+006
2.050620E+006
1.425196E+006
1.911411E+006
4.859170E+004
1.462430E+006
1.000000E+000
1.295690E+005
1.087497E+005
1.032332E+005
9.285177E+004
6.039642E+004
2.859016E+004
2.247748E+006
1.499861E+006
2.166969E+006
2.278366E+006
2.274906E+006
2.174366E+006
2.004241E+006
2.258267E+006
2.144579E+006
2.049562E+006
1.936804E+006
1.239055E+005
1.250401E+005
1.501583E+006
1.341907E+005
1.194457E+005
1.217399E+005
1.242984E+005
1.154102E+005
1.077824E+006
7.688353E+004
7.756713E+004
1.408617E+006
2.321939E+006
2.426993E+006
2.064259E+006
2.162080E+006
1.000000E+000
2.442821E+006
2.067033E+006
1.405317E+006
1.901094E+006
1.424926E+006
1.000000E+000
1.073950E+005
9.713099E+004
7.805924E+004
5.774691E+004
2.860026E+004
2.081776E+006
2.182265E+006
2.300087E+006
2.473126E+006
2.050925E+006
2.302356E+006
2.010895E+006
2.280218E+006
1.976934E+006
2.543115E+006
1.252639E+005
1.502574E+006
2.186046E+006
1.250288E+005
1.166980E+005
1.205388E+005
1.233773E+005
1.156813E+005
1.138141E+006
7.873104E+004
7.938211E+004
1.298537E+006
2.486371E+006
2.459390E+006
2.274956E+006
2.418470E+006
1.000000E+000
2.401527E+006
2.069374E+006
1.392890E+006
1.928815E+006
1.000000E+000
1.141950E+005
8.416962E+004
5.976853E+004
5.286680E+004
1.442383E+006
2.178742E+006
2.306734E+006
2.337040E+006
2.468768E+006
1.972842E+006
2.175332E+006
2.013834E+006
2.244340E+006
1.502078E+006
2.186605E+006
2.309008E+006
1.596584E+006
1.504238E+006
1.500888E+006
1.502426E+006
1.493716E+006
1.145432E+006
8.022279E+004
8.068437E+004
1.216319E+006
2.390213E+006
2.232428E+006
1.000000E+000
2.399180E+006
2.068111E+006
2.193014E+006
1.000000E+000
1.073796E+005
9.702712E+004
1.521393E+006
8.468042E+004
7.928529E+004
1.249048E+006
2.121381E+006
2.343113E+006
2.463156E+006
2.189870E+006
2.077211E+006
2.079638E+006
2.287054E+006
2.184931E+006
2.309366E+006
2.344926E+006
2.576864E+006
2.214468E+006
2.197794E+006
2.206411E+006
2.070405E+006
1.177743E+006
8.132134E+004
8.160454E+004
1.323937E+006
2.480695E+006
2.574821E+006
1.000000E+000
2.606647E+006
1.000000E+000
1.000000E+000
2.435567E+006
2.235493E+006
1.000000E+000
7.077912E+005
2.030598E+006
2.840499E+006
9.299770E+004
8.992472E+004
1.362510E+006
2.204471E+006
2.174688E+006
2.161947E+006
2.305072E+006
2.052704E+006
2.301517E+006
2.158365E+006
2.289535E+006
2.340385E+006
2.152045E+006
2.299789E+006
2.319547E+006
2.316796E+006
2.174751E+006
1.188980E+006
8.200517E+004
8.195811E+004
1.210155E+006
2.251567E+006
2.307056E+006
2.946246E+006
1.000000E+000
2.655928E+006
1.000000E+000
2.749964E+006
1.000000E+000
1.000000E+000
2.475854E+006
1.000000E+000
1.000000E+000
1.000000E+000
9.891404E+005
2.704224E+006
2.435954E+006
9.266595E+004
2.633390E+006
9.095434E+004
1.041406E+006
2.083812E+006
2.270844E+006
2.107074E+006
2.144659E+006
2.318138E+006
2.192255E+006
2.241775E+006
2.306458E+006
2.325349E+006
2.201976E+006
1.221051E+006
8.225354E+004
8.195329E+004
1.228406E+006
2.218038E+006
2.805399E+006
1.000000E+000
2.625864E+006
1.000000E+000
1.000000E+000
2.878157E+006
3.105852E+006
2.443380E+006
2.452859E+006
2.733778E+006
2.832128E+006
2.704791E+006
2.803461E+006
2.731491E+006
1.203008E+006
2.018630E+006
9.076635E+004
1.027751E+006
8.834024E+004
2.092820E+006
2.344626E+006
2.440640E+006
2.169208E+006
2.187280E+006
2.342552E+006
2.135467E+006
2.333144E+006
1.901534E+006
1.230651E+006
2.918448E+006
8.202799E+004
8.159011E+004
1.239305E+006
2.115253E+006
2.750073E+006
2.810852E+006
2.726893E+006
2.695467E+006
2.693506E+006
2.383939E+006
2.639313E+006
1.520030E+006
2.546753E+006
2.618311E+006
2.247239E+006
2.531022E+006
2.650279E+006
2.571333E+006
2.493531E+006
2.621106E+006
1.020989E+006
1.092357E+006
8.787450E+004
8.551936E+004
2.056673E+006
2.182179E+006
2.100236E+006
2.290413E+006
1.935621E+006
2.068393E+006
1.229258E+006
2.380109E+006
8.134838E+004
8.071559E+004
1.037070E+006
2.416126E+006
2.697974E+006
2.353468E+006
2.360317E+006
9.891278E+005
1.050185E+006
1.816623E+004
2.179068E+006
2.192506E+006
1.007237E+006
1.018946E+006
9.870738E+005
8.120885E+005
8.662355E+004
1.173822E+006
8.053576E+004
2.113785E+006
2.360648E+006
2.150225E+006
2.106795E+006
2.155645E+006
1.219686E+006
9.631273E+005
8.027230E+004
7.877482E+004
9.518215E+005
1.095385E+006
7.896563E+005
4.291347E+004
4.243684E+004
2.103062E+006
2.195791E+006
7.277490E+004
7.933745E+004
8.092256E+004
7.791014E+004
1.212481E+006
2.034122E+006
2.109238E+006
1.967428E+006
1.211438E+006
8.099760E+004
7.487782E+004
6.654255E+004
7.589355E+004
6.815366E+004
7.060558E+004
2.178552E+006
2.068739E+006
7.240837E+004
7.080708E+004
1.166003E+006
2.060182E+006
1.755658E+006
1.224240E+006
7.329407E+004
6.923492E+004
7.126146E+005
1.909877E+006
1.280537E+006
1.595545E+006
1.265731E+006
2.691643E+005

